2.942
2.697
2.455
2.592
2.693
2.273
3.088
3.009
2.6830000000000003
2.489
2.748
2.695
2.428
2.784
2.583
2.925
2.6910000000000003
2.768
3.159
2.593
2.573
2.806
2.444
2.74
2.645
2.62
2.749
3.289
2.374
2.502
2.632
3.054
2.718
2.982
2.65
2.733
2.488
2.512
2.667
2.636
2.6010000000000004
2.77
2.474
2.807
2.739
2.599
2.681
2.544
2.817
2.2430000000000003
2.459
2.678
2.772
2.748
2.7460000000000004
2.9330000000000003
2.527
2.438
2.664
2.84
2.772
2.694
2.79
2.692
2.825
2.923
2.829
2.681
2.891
2.844
2.56
2.461
2.3040000000000003
2.476
3.031
2.929
2.748
2.673
2.732
2.9730000000000003
2.407
2.627
2.877
2.495
2.651
2.579
2.881
2.8280000000000003
2.658
2.768
3.043
2.1180000000000003
2.7310000000000003
2.659
2.76
2.696
3.075
2.813
2.794
2.44
2.679
2.853
2.477
2.857
2.405
2.551
2.7060000000000004
2.521
2.602
2.949
2.442
2.926
2.774
2.649
2.777
2.614
2.665
2.437
3.233
2.402
2.506
2.9210000000000003
2.807
2.551
2.696
3.4
2.783
2.781
2.83
3.1
2.402
2.795
2.835
2.858
2.262
2.485
2.707
2.8510000000000004
2.758
2.8080000000000003
2.7960000000000003
2.486
2.556
2.623
2.795
2.763
2.604
2.573
2.632
2.509
2.532
2.38
3.292
3.125
2.427
2.817
2.782
2.695
2.65
2.874
2.6180000000000003
2.668
2.84
2.483
2.696
2.986
2.5780000000000003
2.776
2.88
2.8360000000000003
2.214
3.1260000000000003
2.641
2.463
2.957
2.886
2.924
2.864
2.649
2.543
2.991
2.623
2.83
2.652
2.714
3.029
2.843
2.73
2.6260000000000003
2.968
2.643
2.834
2.615
2.8510000000000004
3.4
2.8160000000000003
2.6860000000000004
2.989
2.825
2.331
2.797
2.838
2.798
2.609
2.754
2.904
2.705
2.799
2.635
3.277
2.549
2.645
2.654
2.805
2.675
2.7880000000000003
2.354
2.86
2.657
2.894
2.633
3.207
3.195
2.702
2.569
2.67
2.455
2.637
2.696
2.64
2.705
2.753
3.032
2.74
2.776
2.951
2.466
2.588
2.543
2.761
2.357
2.87
2.438
2.934
2.501
2.807
2.9160000000000004
2.861
2.511
2.73
3.029
2.656
2.6260000000000003
2.797
2.516
2.599
2.6060000000000003
2.766
2.847
2.835
2.612
2.914
2.399
2.99
2.5340000000000003
2.641
2.724
2.72
2.591
2.999
2.795
2.605
2.485
2.714
2.529
2.701
2.604
2.799
2.583
2.833
2.38
2.64
2.885
2.739
2.82
2.737
2.779
2.5380000000000003
2.636
2.5660000000000003
2.592
2.5580000000000003
2.6260000000000003
2.971
2.8510000000000004
2.8080000000000003
2.826
2.819
2.714
2.531
2.688
2.898
2.809
3.147
2.513
2.892
3.129
2.6660000000000004
2.437
2.471
2.713
2.485
2.5980000000000003
2.745
2.577
2.479
2.803
2.508
2.5860000000000003
3.094
2.761
2.803
2.728
2.479
2.695
2.897
2.437
2.954
2.574
2.733
2.638
3.227
2.544
2.318
2.641
2.612
2.97
3.023
2.8480000000000003
2.9410000000000003
2.874
2.696
2.482
2.63
2.789
2.682
2.879
2.548
2.716
2.559
2.987
2.482
2.866
3.312
2.729
2.819
2.795
2.71
2.573
2.479
2.636
2.425
2.412
3.011
2.485
2.609
2.701
2.719
2.879
2.252
2.314
2.499
2.823
2.283
2.737
3.024
3.182
2.886
2.715
2.729
2.727
2.6
2.853
2.674
2.813
2.629
3.029
3.019
2.516
2.456
2.714
2.7030000000000003
2.974
2.764
2.756
2.08
2.457
2.84
2.312
2.9760000000000004
2.615
2.489
2.487
2.51
2.844
2.61
2.333
2.86
2.766
2.576
2.922
2.677
3.029
2.588
2.777
2.591
2.5860000000000003
2.707
2.696
2.52
2.781
2.733
2.95
2.877
2.971
2.881
2.709
2.838
2.91
2.607
2.647
2.672
2.6660000000000004
3.429
3.024
2.401
2.275
2.754
2.747
2.605
2.71
2.7960000000000003
2.569
2.66
2.81
2.718
3.127
2.6830000000000003
2.937
2.664
2.525
2.341
2.528
2.719
2.689
2.299
2.812
2.541
2.777
2.83
2.903
2.885
2.442
2.72
2.532
2.555
2.714
2.72
2.49
2.48
2.568
2.63
2.648
2.6710000000000003
2.744
2.592
2.888
2.753
2.753
2.527
2.789
2.676
2.3080000000000003
2.282
2.696
2.603
2.712
2.401
2.386
3.008
2.482
2.56
2.67
2.7430000000000003
2.722
2.763
2.559
2.458
3.102
2.53
2.728
2.716
2.77
2.423
2.543
2.611
2.754
2.7260000000000004
2.364
3.405
2.795
2.898
2.508
2.612
2.547
2.75
2.592
2.753
3.22
2.352
2.862
2.535
2.404
2.776
2.987
2.674
2.492
2.805
2.471
2.572
2.617
2.664
2.937
2.545
2.643
2.582
2.455
2.517
2.8
2.7260000000000004
2.713
2.806
2.687
2.857
2.681
2.6660000000000004
2.659
3.196
2.742
2.939
2.441
2.701
3.031
2.676
2.772
2.664
2.387
2.991
2.552
2.682
2.651
2.631
2.794
2.6710000000000003
2.749
2.434
2.756
2.597
2.482
3.149
2.858
2.833
2.715
3.077
2.659
2.7430000000000003
2.827
2.664
2.815
2.678
2.491
2.63
3.005
2.85
2.672
2.499
2.519
2.52
2.7260000000000004
2.063
2.9330000000000003
2.445
2.655
2.87
2.9130000000000003
2.748
2.72
3.09
2.9
2.63
2.733
2.665
2.704
2.478
2.615
2.872
2.695
2.855
2.742
2.668
2.694
2.494
2.783
2.908
3.0210000000000004
2.882
3.093
2.7880000000000003
2.584
2.756
2.762
2.781
2.441
2.51
2.832
2.754
2.79
2.594
2.688
2.261
2.372
2.866
2.593
2.766
2.724
2.872
2.546
2.627
2.446
2.407
2.583
2.363
2.451
2.7
2.971
3.366
2.739
2.502
2.87
2.6910000000000003
2.61
2.533
2.9360000000000004
2.674
3.085
2.733
2.408
2.91
2.497
3.025
2.6210000000000004
2.963
3.008
2.877
2.664
2.567
2.541
2.512
2.652
2.59
2.824
2.742
2.595
2.386
2.525
2.45
2.906
2.938
2.4130000000000003
2.531
2.814
2.722
2.503
2.863
2.649
2.559
3.009
2.958
2.528
2.496
2.569
2.925
2.989
2.951
2.932
2.531
2.818
2.604
2.692
2.619
2.9730000000000003
2.622
2.7
3.0660000000000003
2.617
2.674
2.454
2.378
2.34
2.762
2.372
2.084
2.739
2.383
2.498
2.8760000000000003
2.969
2.587
2.717
2.763
2.405
2.759
2.714
2.736
1.903
2.7260000000000004
2.697
2.652
2.628
2.55
2.715
2.655
2.6630000000000003
2.773
2.619
2.518
2.635
2.759
2.624
2.57
2.54
2.8510000000000004
2.899
2.6660000000000004
2.582
2.539
2.924
2.972
2.603
2.7430000000000003
2.849
2.765
2.56
3.176
3.111
2.426
2.809
2.853
2.697
2.654
2.636
2.364
2.5980000000000003
2.8160000000000003
2.577
2.878
2.809
2.411
2.779
2.789
2.61
2.444
2.687
2.5540000000000003
2.632
2.459
2.877
2.678
2.56
2.333
2.9330000000000003
2.768
2.812
2.827
3.089
2.7030000000000003
2.517
2.64
2.835
2.695
2.949
2.7060000000000004
2.593
2.944
2.958
2.531
2.874
3.045
2.777
2.734
2.57
2.577
2.78
2.375
2.426
2.886
3.127
2.8280000000000003
2.137
2.623
2.7230000000000003
3.004
2.678
2.773
2.62
2.987
2.8510000000000004
2.613
3.027
2.627
2.294
2.599
2.793
3.1260000000000003
2.803
2.59
2.897
2.374
2.437
2.81
2.853
2.705
2.544
2.54
2.524
2.331
2.465
2.521
2.525
2.696
2.712
3.097
2.668
2.592
2.387
2.509
2.753
2.8280000000000003
2.351
2.563
2.502
2.803
2.776
2.674
2.8080000000000003
2.656
2.527
2.728
2.89
2.57
2.634
2.688
2.655
2.7110000000000003
2.915
3.198
2.631
2.7060000000000004
2.785
2.584
2.519
2.363
2.438
2.805
2.795
2.757
2.71
2.79
2.93
2.582
2.668
2.374
2.714
2.56
2.527
2.6710000000000003
2.693
2.859
2.88
2.643
3.173
2.727
2.764
2.521
2.738
2.375
2.907
2.496
2.599
2.631
2.792
2.783
2.661
2.7430000000000003
2.8560000000000003
2.488
2.823
2.9730000000000003
2.864
2.46
2.9730000000000003
2.69
2.56
2.928
2.644
3.43
2.763
2.736
2.947
2.806
2.769
2.9760000000000004
2.443
2.817
2.678
2.798
2.57
2.785
2.445
2.59
2.992
2.852
2.694
2.414
2.582
2.432
2.623
3.073
2.483
2.8710000000000004
2.461
2.632
2.548
2.957
2.813
2.827
2.821
2.827
2.767
3.06
2.3680000000000003
2.764
2.826
2.289
2.814
2.769
2.386
2.364
2.739
2.855
2.767
2.332
2.675
2.607
2.549
2.714
2.906
2.624
2.9360000000000004
1.872
2.587
2.8
2.776
2.51
2.576
2.729
2.494
2.887
2.909
3.014
2.8080000000000003
2.8310000000000004
2.5380000000000003
2.826
2.6010000000000004
2.974
3.172
2.592
2.852
2.574
2.514
2.817
2.728
2.364
2.659
2.866
2.7310000000000003
2.895
2.874
2.928
2.295
2.611
2.944
2.765
2.483
2.843
2.689
2.587
2.681
2.905
2.7430000000000003
3.3360000000000003
2.633
2.879
2.519
2.722
2.866
2.584
2.681
2.695
2.466
2.767
2.938
2.377
2.926
2.6260000000000003
2.854
2.98
2.924
2.544
2.754
2.699
2.576
2.66
2.636
2.526
2.7310000000000003
2.406
2.844
2.884
2.7260000000000004
2.762
2.866
2.647
2.709
2.778
2.804
2.479
2.66
2.995
2.7
2.631
3.05
2.522
2.585
2.481
2.894
2.657
2.917
2.499
2.805
2.378
2.809
2.613
2.337
2.839
2.6860000000000004
2.744
2.516
2.69
2.925
2.975
2.758
3.122
2.9810000000000003
2.612
2.833
2.951
2.7060000000000004
2.689
2.8960000000000004
2.545
2.584
2.642
2.594
2.799
2.93
2.741
2.641
2.697
3.012
2.6010000000000004
2.575
2.872
2.6460000000000004
2.551
2.442
2.604
2.682
2.807
2.61
2.656
2.9360000000000004
2.65
2.483
2.54
2.608
3.232
2.345
2.774
2.588
2.035
2.613
2.863
2.846
3.1860000000000004
2.497
2.8080000000000003
2.635
2.464
2.552
2.855
2.552
2.725
2.365
2.768
2.985
2.748
2.573
2.862
2.908
2.7060000000000004
2.59
2.469
2.424
2.769
2.853
3.009
2.637
2.565
2.583
2.528
2.767
2.7060000000000004
2.386
2.6260000000000003
2.3280000000000003
2.889
2.763
2.507
2.724
2.014
2.7910000000000004
2.617
2.698
2.8680000000000003
3.005
2.734
2.342
2.7880000000000003
2.5780000000000003
2.801
2.777
2.44
3.174
2.634
2.502
2.792
2.6660000000000004
2.982
2.6
2.69
2.962
2.957
2.712
2.463
2.456
2.57
2.395
2.722
2.767
2.669
2.698
2.893
2.634
2.8680000000000003
2.815
2.474
2.946
2.879
2.8480000000000003
2.8710000000000004
2.786
1.996
2.824
2.565
2.557
2.705
2.748
2.61
2.9
2.517
2.613
3.0610000000000004
3.0
2.684
3.055
2.859
2.456
2.692
2.97
2.579
2.837
2.356
2.901
2.44
2.92
2.672
2.844
2.707
2.236
2.964
2.669
2.946
2.763
2.316
3.112
2.7310000000000003
2.714
2.681
3.084
2.478
2.741
2.599
2.477
2.709
2.911
2.837
2.6910000000000003
2.827
2.6630000000000003
2.655
2.516
2.597
2.673
2.681
2.8160000000000003
2.577
2.753
2.846
2.741
2.839
2.539
2.432
2.805
2.551
2.498
2.964
2.48
2.778
2.627
2.813
2.669
2.7310000000000003
2.841
2.672
2.636
2.524
2.661
2.659
2.684
2.834
2.619
2.842
2.834
2.608
2.925
2.523
2.886
2.6660000000000004
2.57
2.72
2.685
2.611
2.75
2.633
2.902
2.341
2.8710000000000004
2.63
2.629
2.988
2.486
2.619
3.195
2.516
2.412
2.765
2.919
2.5810000000000004
2.659
2.783
2.732
2.826
2.635
2.504
2.835
2.533
2.727
3.028
2.649
2.8760000000000003
2.899
3.0210000000000004
3.023
2.603
2.827
2.335
3.116
2.589
2.782
2.511
2.695
2.708
2.817
2.946
3.129
2.68
2.696
2.6830000000000003
3.16
2.919
2.949
2.72
2.7960000000000003
2.475
2.742
3.262
2.403
2.958
2.767
2.707
2.805
2.909
2.623
2.744
2.436
3.0660000000000003
2.68
2.853
2.712
2.516
2.4
