2.806
2.947
2.923
2.512
2.31
2.762
2.882
2.985
2.643
3.011
2.584
2.656
2.6660000000000004
2.5610000000000004
2.692
2.813
2.89
2.642
3.054
2.546
2.556
2.277
2.685
2.825
2.729
2.504
2.7110000000000003
2.625
3.076
3.225
3.1180000000000003
2.83
2.974
2.613
2.488
2.969
2.904
2.795
2.603
3.067
2.853
2.827
2.375
2.634
2.846
2.333
2.5610000000000004
2.7
2.705
2.779
2.804
2.697
2.655
3.1060000000000003
2.55
2.857
2.528
2.795
2.883
3.025
3.2260000000000004
2.622
2.676
2.597
2.499
2.617
2.719
2.55
2.9760000000000004
2.887
2.472
2.803
2.6180000000000003
3.032
2.5660000000000003
2.69
2.893
2.929
2.75
2.617
2.261
2.439
2.551
2.759
2.969
2.914
2.83
2.8
2.815
3.043
2.774
2.653
2.547
2.594
2.73
2.036
3.157
2.678
2.745
2.527
2.761
2.907
2.677
3.0010000000000003
2.571
2.992
2.832
2.371
3.083
2.604
2.5580000000000003
2.6010000000000004
2.733
2.862
1.853
2.366
3.302
2.757
2.278
2.454
2.62
3.055
2.634
2.968
2.551
2.881
2.728
3.23
2.45
2.68
2.657
2.495
2.669
2.649
2.68
2.951
2.481
2.656
2.613
2.556
2.754
2.6710000000000003
2.595
2.8310000000000004
2.704
2.68
2.375
2.764
2.6260000000000003
2.701
2.692
2.543
2.717
2.863
2.522
2.607
2.602
2.267
2.809
2.754
2.849
3.056
2.576
2.548
2.872
2.781
2.569
2.846
2.595
2.659
2.642
2.729
2.748
2.732
2.628
2.615
2.83
2.773
2.68
2.912
2.349
2.684
3.015
2.9760000000000004
2.755
2.799
2.834
2.724
2.443
3.253
2.5860000000000003
2.562
2.382
2.452
2.678
2.463
2.323
2.398
2.63
2.404
2.862
2.728
2.217
2.69
3.083
3.02
2.497
2.942
2.783
2.79
2.879
2.631
2.786
2.474
2.716
2.813
2.364
2.65
2.522
2.897
2.9160000000000004
2.756
2.7060000000000004
3.063
2.8510000000000004
2.404
2.739
2.6260000000000003
2.673
2.95
2.658
2.625
2.688
2.854
2.767
2.6830000000000003
2.5860000000000003
2.59
3.185
2.654
2.708
2.809
2.49
2.577
2.759
2.7880000000000003
2.527
2.463
2.752
2.849
2.649
2.962
2.947
2.767
2.301
2.597
2.678
2.406
2.664
2.5610000000000004
2.572
2.815
2.843
2.631
2.443
2.776
2.8510000000000004
2.59
2.645
2.625
2.854
2.5610000000000004
2.766
2.585
2.552
2.762
2.624
2.153
2.777
3.225
2.867
2.455
2.624
2.7710000000000004
2.8760000000000003
2.632
2.744
2.787
2.652
3.4160000000000004
2.6710000000000003
3.034
2.814
2.644
2.81
2.59
2.763
2.296
2.858
3.0860000000000003
2.737
2.863
2.596
2.735
2.679
2.345
2.444
2.379
2.427
2.56
3.033
2.648
2.689
3.025
2.7710000000000004
2.894
2.825
2.419
1.7990000000000002
2.804
2.4130000000000003
2.5340000000000003
2.785
2.727
2.463
2.878
2.761
3.342
2.464
2.572
2.854
2.545
2.874
2.648
2.376
2.497
2.695
2.878
2.591
