2.59773
2.81011
2.6688400000000003
2.6002
2.78122
2.5759
2.68393
2.51923
2.61815
2.55809
2.56432
2.5777
2.62802
2.58115
2.40855
2.7301
2.53428
2.63839
2.46701
2.67965
2.63531
2.61471
2.65695
2.42563
2.66215
2.7686
2.67275
2.6295
2.24864
2.49764
2.52545
2.44431
2.32916
2.52481
2.59002
2.62031
2.66
2.5875
2.63791
2.52393
2.78094
2.5599
2.56636
2.73075
2.31945
2.66823
2.38453
2.64906
2.55546
2.84297
2.53159
2.77658
2.40424
2.5642
2.42607
2.56247
2.68575
2.70328
2.69404
2.53681
2.50866
2.35779
2.6971
2.59413
2.5634
2.53459
2.63288
2.62569
2.68749
2.77549
2.51054
2.43857
2.66525
2.37147
2.45043
2.38285
2.79096
2.57904
2.53116
2.5762
2.5436400000000003
2.64161
2.5771900000000003
2.78988
2.68381
2.12947
2.54251
2.64007
2.75766
2.43453
2.62954
2.38279
2.59
2.60149
2.61351
2.57292
2.5255400000000003
2.75025
2.77212
2.63376
2.66531
2.66955
2.54931
2.84946
2.4345
2.73406
2.7609
2.5969
2.84905
2.52112
2.45697
2.488
2.61124
2.52745
1.87773
2.6673400000000003
2.75443
2.74559
2.64964
2.51633
2.32163
2.6839
2.6944
2.61848
2.59968
2.52754
2.66353
2.54909
2.53338
2.64665
2.57177
2.49932
2.50727
2.51267
2.71763
2.55223
2.7326
2.59099
2.61364
2.62641
2.5822700000000003
2.6076200000000003
2.67431
2.53258
2.67413
2.56148
2.58505
2.69225
2.70311
2.48484
2.63767
2.67404
2.58725
2.45552
2.68723
2.62148
2.69902
2.40967
2.5309
2.65376
2.59436
2.78647
2.6763
2.54015
2.83303
2.82879
2.66752
2.31967
2.32765
2.59262
2.67305
2.83031
2.92152
2.65041
2.72031
2.57824
2.61092
2.51056
2.444
2.58473
2.40263
2.60868
2.69543
2.58237
2.64323
2.67739
2.68035
2.3650900000000004
2.61136
2.7414
2.35158
2.46367
2.5488
2.67047
2.6284400000000003
2.68602
2.47191
2.59707
2.5248
2.48811
2.59588
2.57173
2.67153
2.6124
2.62837
2.775
2.38839
2.61943
2.55756
2.41953
2.55836
2.57956
2.63897
2.68581
2.56855
2.6658
2.72056
2.72091
2.59096
2.71006
2.81052
2.60283
2.55261
2.63393
2.81921
2.48811
2.7654400000000003
2.58789
2.65809
2.63806
2.60791
2.56182
2.66942
2.75693
2.48356
2.51196
2.63001
2.53004
2.72226
2.62154
2.58257
2.67221
2.64903
2.76131
2.70802
2.64691
2.63795
2.53052
2.56271
2.52584
2.5028
2.74368
2.52078
2.63332
2.66217
2.42878
2.4942
2.60164
2.53183
2.63662
2.68012
2.59446
2.74695
2.64004
2.71604
2.6822
2.61251
2.5807
2.6326400000000003
2.7049
2.81621
2.67893
2.73173
2.56391
2.36703
2.71315
2.68281
2.29573
2.61598
2.49764
2.70043
2.49041
2.46711
2.54841
2.76498
2.58589
2.67401
2.68092
2.6913400000000003
2.74613
2.59248
2.64108
2.65904
2.45989
2.54386
2.72297
2.40833
2.69785
2.65603
2.76422
2.61386
2.48892
2.67171
2.40995
2.68273
2.7627200000000003
2.5878
2.66108
2.53004
2.74529
2.6307400000000003
2.62507
2.56935
2.57917
2.78689
2.8228
2.7469
2.55735
1.58669
2.86897
2.40071
2.6244
2.71552
2.64758
2.55267
2.81256
2.61846
2.36744
2.4878400000000003
2.58388
2.5415400000000004
2.67228
2.79975
2.70704
2.39737
2.63672
2.6684900000000003
2.66742
2.45276
