2.58964
2.51693
2.59613
2.5292
2.61821
2.51629
2.70227
2.57646
2.71763
2.60659
2.62731
2.63273
2.59148
2.66763
2.67579
2.398
2.57467
2.55294
2.57202
2.65738
2.71473
2.67266
2.5878
2.56815
2.59857
2.64134
2.71044
2.51549
2.69802
2.3415
2.84063
2.72827
2.69184
2.45461
2.67192
2.66489
2.6819
2.55972
2.44082
2.54493
2.6882200000000003
2.77219
2.45841
2.7682
2.58641
2.52268
2.67187
2.52339
2.48034
2.38986
2.34768
2.58033
2.73896
2.6762
2.6211
2.77783
2.73989
2.65442
2.74937
2.6208
2.63273
2.79285
2.60701
2.63614
2.63369
2.41209
2.5612
2.55062
2.55527
2.67834
2.44503
2.65901
2.57196
2.72004
2.60848
2.67133
2.58107
2.50822
2.68085
2.65316
2.59793
2.48508
2.71924
2.62241
2.64993
2.54911
2.5663400000000003
2.48493
2.59686
2.67557
2.52358
2.17808
2.68111
2.63953
2.62581
2.63042
2.73904
2.66021
2.6486
2.44998
2.64916
2.56538
2.63043
2.46736
2.4996
2.6198
2.50979
2.67291
2.62231
2.76536
2.66142
2.72427
2.78285
2.63505
2.65177
2.56419
2.6811
2.58203
2.8031200000000003
2.6897
2.62557
2.58164
2.76586
2.60106
2.53256
2.647
2.58831
2.63965
2.58903
2.75025
2.49352
2.72798
2.4433
2.56901
2.45635
2.5626900000000004
2.6973
2.73911
2.55229
2.56684
2.40493
2.5099
2.37052
2.57684
2.59912
2.6387400000000003
2.80874
2.74457
2.33153
2.76709
2.61308
2.34098
2.67235
2.62741
2.5435
2.48034
2.66421
2.68281
2.7011700000000003
2.61778
2.6425400000000003
2.57018
2.76877
2.5904
2.63686
2.69981
2.60593
2.77196
2.63718
2.6966
2.29626
2.63908
2.63279
2.7218400000000003
2.69672
2.55331
2.61651
2.58908
2.41339
2.62398
2.71672
2.48904
2.76619
2.78105
2.67656
2.6446
2.64374
2.57458
2.66232
2.72431
2.71644
2.52595
2.6543
2.67355
2.65272
2.66983
2.64656
2.56401
2.77409
2.80479
2.90623
2.50139
2.74765
2.61505
2.5640400000000003
2.54361
2.60026
2.39685
2.54103
2.54195
2.57659
2.66949
2.69707
2.55575
2.61868
2.5226
2.63956
2.61579
2.58538
2.65573
2.49678
2.587
2.65127
2.72318
2.52857
2.81477
2.46172
2.65476
2.4687
2.78038
2.64514
2.67591
2.37147
2.59702
2.61328
2.70699
2.66919
2.58207
2.5691200000000003
2.62442
2.66375
2.71886
2.72571
2.6585400000000003
2.66919
2.77304
2.75429
2.75615
2.79922
2.6208400000000003
2.77612
2.49454
2.7098
2.58182
2.58066
2.59331
2.69562
2.6193
2.71675
2.59313
2.5362
2.12947
2.55385
2.5013
2.56813
2.62283
2.6752700000000003
2.47473
2.57583
2.7337700000000003
2.59531
2.61144
2.54874
2.59991
2.55548
2.50209
2.79988
2.49663
2.3134
2.64163
2.59481
2.70402
2.7960000000000003
2.75306
2.4155900000000003
2.53969
2.68331
2.64068
2.60753
2.7532
2.59249
2.87898
2.5798400000000004
2.55821
2.648
2.61419
2.54008
2.6164400000000003
2.69651
2.69465
2.73331
2.52927
2.84021
2.51265
2.62086
2.52213
2.59113
2.58676
2.56507
2.59516
2.69303
2.58157
2.59846
2.70865
2.61621
2.64961
2.7965
2.4671
2.60779
2.5929
2.59501
2.52486
2.53797
2.41144
2.53948
2.53943
2.79069
2.57128
2.3015
2.67666
2.69413
2.72321
2.62822
2.41971
2.5064
2.40982
2.52503
2.36532
2.67579
2.76939
2.45972
2.60611
2.70739
2.56695
2.70346
2.24397
2.51983
2.63937
2.58161
2.57838
2.8919200000000003
2.6271
2.67377
2.8977
2.58147
2.74855
2.44971
2.68798
2.71367
2.43603
2.65501
2.4984900000000003
2.54567
2.65204
2.74684
2.6097200000000003
2.78027
2.69632
2.65154
2.7751
2.45349
2.5747400000000003
2.56097
2.5377
2.68736
2.67613
2.41114
2.59272
2.59377
2.72881
2.58595
2.57992
2.51486
2.66133
2.69366
2.5685
2.41129
2.42022
2.64466
2.42563
2.73056
2.7692900000000003
2.46414
2.54854
2.64786
2.553
2.64352
2.76855
2.51205
2.75273
2.66184
2.44016
2.73964
2.5831
2.58978
2.64081
2.65366
2.87803
2.60693
2.69386
2.65849
2.6737
2.41129
2.57804
2.76221
2.39331
2.43378
2.62693
2.74431
2.71043
2.72421
2.56896
2.63009
2.50266
2.74087
2.49558
2.65749
2.5413900000000003
2.7076
2.66895
2.5901400000000003
2.58871
2.665
2.79012
2.6055900000000003
2.53675
2.36996
2.41256
2.67462
2.61144
2.69027
2.63135
2.58375
2.66377
2.58905
2.62932
2.49123
2.53344
2.62099
2.63954
2.56723
2.48648
2.84851
2.6821900000000003
2.88275
2.4261
2.49358
2.77321
2.50442
2.75094
2.57071
2.73355
2.58935
2.6696
2.64485
2.66794
2.59228
2.51665
2.47772
2.61673
2.64557
2.5800400000000003
2.58032
2.70034
2.72102
2.61941
2.71103
2.65472
2.67167
2.58538
2.65892
2.6985900000000003
2.45052
2.65385
2.60752
2.42996
2.67846
2.64644
2.59706
2.70684
2.66523
2.70901
2.41451
2.33715
2.62652
2.7654
2.58125
2.63968
2.69525
2.59356
2.56878
2.58655
2.73644
2.70315
2.66379
2.62378
2.64204
2.5008
2.62412
2.83038
2.6135
2.68083
2.54807
2.58867
2.48968
2.61422
2.35822
2.79255
2.76392
2.70481
2.47096
2.35136
2.57658
2.6896
2.8919200000000003
2.63579
2.66475
2.65628
2.47521
2.5523
2.68086
2.46698
2.53934
2.69933
2.69614
2.66023
2.61997
2.51366
2.66382
2.75601
2.66874
2.41293
2.64767
2.64185
2.60282
2.3496900000000003
2.65081
2.85246
2.35971
2.59341
2.58774
2.66939
2.74695
2.70093
2.71707
2.59127
2.5563700000000003
2.68845
2.57761
2.53614
2.4357900000000003
2.75076
2.74676
2.55858
2.70563
2.65947
2.51458
2.87626
2.89336
2.75812
2.61616
2.66131
2.74
2.65542
2.70896
2.75785
2.59462
2.64582
2.53615
2.70123
2.595
2.5491
2.62818
2.72791
2.7540400000000003
2.25834
2.40035
2.74565
2.78877
2.36574
2.65498
2.68323
2.54813
2.69936
2.87035
2.53186
2.77525
2.7152
2.57353
2.5865
2.68503
2.58982
2.60439
2.64594
2.6086400000000003
2.54638
2.65646
2.32802
2.77645
2.49959
2.58092
2.56921
2.60689
2.64705
2.92104
2.51253
2.67694
2.51912
2.57285
2.77967
2.80154
2.78923
2.71707
2.56242
2.6791400000000003
2.56576
2.56366
2.49539
2.7168400000000004
2.67277
2.63594
2.63225
2.62107
2.48332
2.62768
2.71442
2.58209
2.48316
2.60086
2.56608
2.65685
2.5362400000000003
2.54437
2.37427
2.46948
2.5546900000000003
2.57873
2.68746
2.66521
2.53539
2.73374
2.71261
2.6823900000000003
2.76894
2.77121
2.67341
2.4197
2.59077
2.41506
2.72518
2.4738
2.60966
2.78855
2.71958
2.5855
2.63725
2.74573
2.76328
2.66393
2.66838
2.73247
2.62624
2.61906
2.63332
2.84298
2.56406
2.45759
2.71297
2.40071
2.64608
2.69237
2.6966900000000003
2.47935
2.62704
2.60199
2.60107
2.57179
2.57154
2.67242
2.46113
2.6024
2.65832
2.5785
2.73097
2.58357
2.63531
2.86135
2.7234
2.61744
2.51973
2.72223
2.76034
2.59656
2.48353
2.54293
2.68203
2.5548900000000003
2.67653
2.2521400000000003
2.53718
2.66014
2.1771
2.74107
2.44409
2.59856
2.65932
2.67988
2.46068
2.73493
2.46343
2.42109
2.7162
2.70485
2.53345
1.66864
2.62676
2.48314
2.77197
2.51295
2.6955
2.66261
2.70808
2.71157
2.8647
2.38436
2.66456
2.5550200000000003
2.6606400000000003
2.55052
2.45245
2.67557
2.57746
2.54418
2.58543
2.65924
2.61239
2.61211
2.37514
2.57875
2.54829
2.78924
2.73916
2.46536
2.51948
2.76025
2.47574
2.61298
2.6769
2.78793
2.6494
2.37261
2.66724
2.57934
2.49613
2.6241
2.77668
2.60609
2.55215
2.4112
2.66119
2.70432
2.55195
2.49804
2.26623
2.57449
2.63776
2.50266
2.68493
2.49864
2.6751
2.7838700000000003
2.7039
2.74095
2.7327
2.45457
2.58805
2.79348
2.70539
2.52535
2.6981
2.63984
2.51355
2.78094
2.74344
2.60355
2.29167
2.71537
2.67072
2.48707
2.65265
2.64455
2.53707
2.57993
2.68024
2.47574
2.84536
2.80941
2.77462
2.8995
2.55612
2.69246
2.72737
2.4870400000000004
2.73148
2.42597
2.78727
2.71191
2.64851
2.73136
2.65021
2.5107
2.6403
2.68512
2.6116900000000003
2.69533
2.70547
2.54071
2.45085
2.69824
2.51585
2.60905
2.70037
2.55236
2.33443
2.6467
2.68047
2.48855
2.75558
2.42116
2.51555
2.4509
2.67219
2.76825
2.35822
2.38907
2.4532700000000003
2.57976
2.48763
2.37375
2.39041
2.78346
2.72535
2.2703
2.74325
2.53297
2.65345
2.6743900000000003
2.86585
2.66266
2.45245
2.70611
2.51365
2.45602
2.7356
2.71905
2.61168
2.63309
2.62891
2.66452
2.61931
2.53486
2.7077400000000003
2.72084
2.47867
2.65495
2.5735
2.6465400000000003
2.45154
2.81085
2.53687
2.47932
2.61927
2.4219
2.74313
2.5811900000000003
2.42336
2.7838
2.58732
2.56255
2.59212
2.63552
2.6205
2.65004
2.50831
2.70611
2.61585
2.80195
2.69377
2.62951
2.6867400000000004
2.78996
2.7187900000000003
2.71254
2.76202
2.62549
2.42658
2.7448200000000003
2.6543400000000004
2.75771
2.7383900000000003
2.3948
2.48542
2.66467
2.69088
2.66121
2.42459
2.69531
2.46498
2.50957
2.5987400000000003
2.41127
2.73963
2.40835
2.69371
2.69363
2.81573
2.29762
2.62738
2.6661
2.55326
2.8384
2.56936
2.51532
2.63155
2.62406
2.77299
2.60735
2.51866
2.62149
2.5346
2.60281
2.66489
2.84497
2.61855
2.7405
2.72477
2.43793
2.59495
2.46164
2.44718
2.435
2.66583
2.79241
2.69191
2.67115
2.68603
2.45968
2.39299
2.73457
2.41116
2.46164
2.47324
2.55806
2.65646
2.65066
2.56498
2.60311
2.62284
2.68856
1.68111
2.56107
2.57058
2.7126200000000003
2.51023
2.56168
2.7944
2.75571
2.78674
2.6343
2.62678
2.68831
2.61108
2.67463
2.74439
2.66535
2.32916
2.78022
2.6267400000000003
2.6670700000000003
2.55318
2.63842
2.66745
2.51735
2.6856
2.73557
2.64454
2.60624
2.716
2.51935
2.46433
2.49058
2.65453
2.53131
2.63818
2.35345
2.87232
2.74953
2.50917
2.67973
2.74515
2.32267
2.3976900000000003
2.71133
2.50444
2.34096
2.70974
2.61219
2.54869
2.48651
2.58759
2.49592
2.57138
2.61594
2.65904
2.67428
2.59578
2.6991400000000003
2.60155
2.51822
2.77237
2.40527
2.7741
2.54516
2.43813
2.62759
2.53126
2.34285
2.50481
2.71322
2.5661400000000003
2.51173
2.74722
2.5556400000000004
2.38406
2.7692
2.58372
2.46948
2.55885
2.42963
2.74118
2.44292
2.5849900000000003
2.78413
2.56858
2.73658
2.61954
2.77272
2.5864700000000003
2.67181
2.4992
2.46285
2.62953
2.72344
2.57703
2.66393
2.4978
2.72528
2.49501
2.6477
2.60984
2.63301
2.68799
2.56615
2.62487
2.39925
2.7152
2.48538
2.65088
2.7076
2.60459
2.70064
2.86102
2.55423
2.55512
2.56973
2.64887
2.51206
2.7185200000000003
2.54114
2.78347
2.49507
2.63728
2.39284
2.84923
2.60571
2.3825
2.3747
2.57678
2.58316
2.56
2.56053
2.72135
2.57156
2.58491
2.6998900000000003
2.35855
2.63194
3.04124
2.4601900000000003
2.40509
2.66893
2.63159
2.62203
2.78122
2.63239
2.65987
2.67682
2.76959
2.68172
2.4878400000000003
2.62971
2.63237
2.57859
2.51731
2.60604
2.72601
2.51923
2.77783
2.49481
2.6600900000000003
2.73278
2.59835
2.5937
2.56368
2.57053
2.58593
2.61285
2.56598
2.73712
2.64626
2.3134
2.41458
2.56182
2.50433
2.45968
2.64059
2.66362
2.67794
2.46343
2.62111
2.59375
2.04486
2.64148
2.83613
2.55521
2.7223
2.5051400000000004
2.53657
2.3608
2.7349
2.64178
2.54106
2.5314
2.64384
2.61643
2.668
2.5206
2.64483
2.55756
2.79218
2.67638
2.42096
2.63059
2.8214200000000003
2.69279
2.53098
2.3937
2.53797
2.62353
2.55473
2.57317
2.5296
2.6224
2.48018
2.76019
2.6898
2.69488
2.68667
2.6398
2.51854
2.38396
2.85428
2.7237400000000003
2.66232
2.62622
2.77511
2.64251
2.63326
2.57051
2.71141
2.52755
2.67782
2.59165
2.55207
2.70175
2.65376
2.55806
2.78213
2.4173
2.40855
2.68299
2.57625
2.71595
2.5637
2.65612
2.46732
2.49061
2.7197400000000003
2.45479
2.47254
2.09916
2.70543
2.58642
2.72581
2.69391
2.53058
2.73283
2.63187
2.62193
2.5931900000000003
2.64215
2.5765
2.73501
2.6859900000000003
2.45145
2.63723
2.50677
2.5551
2.43503
2.67707
2.59202
2.69109
2.63181
2.75497
2.6662
2.49752
2.51978
2.62497
2.6471400000000003
2.54653
2.6952700000000003
2.59995
2.52569
2.4194400000000003
2.51324
2.54576
2.65256
2.87304
2.50809
2.45489
2.62661
2.63113
2.63308
2.49053
2.77387
2.62339
2.5815200000000003
2.6629400000000003
2.68628
2.67928
2.58602
2.77213
2.75366
2.64023
2.56454
2.63656
2.398
2.75844
2.63253
2.57612
2.63394
2.8077400000000003
2.39487
2.64938
2.40607
2.69501
2.631
2.45476
2.58561
2.73247
2.59725
2.64669
2.68289
2.61921
2.78269
2.54725
2.60353
2.51458
2.73165
2.72713
2.69177
2.50532
2.59001
2.59579
2.48626
2.69141
2.71855
2.58172
2.63492
2.52347
2.5079700000000003
2.64826
2.51347
2.65782
2.55611
2.63194
2.7112
2.35881
2.7763400000000003
2.68797
2.5472
2.55123
2.45344
2.70903
2.79149
2.47744
2.59113
2.5194400000000003
2.4687
2.78464
2.86383
2.81963
2.68907
2.6857
2.52429
2.56242
2.46701
2.67341
2.6576
2.77444
2.64056
2.68875
2.5780000000000003
2.6676
2.78177
2.59808
2.46982
2.59675
2.6419
2.39759
2.64195
2.66683
2.54847
