2.659
2.752
2.697
2.694
2.8680000000000003
2.717
2.7
2.725
2.685
2.478
2.639
2.55
2.787
2.677
2.377
2.826
2.5980000000000003
2.652
2.451
2.7880000000000003
2.7030000000000003
2.737
2.772
2.81
2.759
2.7710000000000004
2.8
2.644
2.02
2.638
2.504
2.612
2.494
2.426
2.471
2.917
2.798
2.526
2.599
2.526
2.652
2.71
2.676
2.824
2.261
2.724
2.314
2.591
2.713
2.922
2.549
2.728
2.52
2.4290000000000003
2.519
2.608
2.682
2.5660000000000003
2.822
2.707
2.597
2.476
2.7960000000000003
2.655
2.495
2.491
2.619
2.76
2.835
2.829
2.533
2.508
2.733
2.4090000000000003
2.406
2.443
2.823
2.623
2.64
2.8110000000000004
2.522
2.672
2.661
2.854
2.637
2.414
2.297
2.844
2.786
2.604
2.8280000000000003
2.298
2.62
2.539
2.717
1.992
2.327
2.702
2.741
2.71
2.719
2.678
2.343
2.647
2.498
2.786
2.872
2.669
2.662
2.501
2.441
2.494
2.667
2.584
1.38
2.66
2.589
2.656
2.628
2.676
2.688
2.677
2.739
2.614
2.6210000000000004
2.729
2.901
2.685
2.33
2.605
2.632
2.692
2.377
2.895
2.747
2.503
2.793
2.769
2.638
2.776
2.635
2.225
2.758
2.55
2.464
2.553
2.64
2.909
2.772
2.5860000000000003
2.714
2.756
2.589
2.758
2.675
2.542
2.764
2.5660000000000003
2.569
2.61
2.801
2.8280000000000003
2.772
2.842
2.952
2.792
2.966
2.5810000000000004
2.402
2.757
2.733
2.83
2.435
2.7310000000000003
2.881
2.608
2.631
2.351
2.415
2.602
2.627
2.603
2.7710000000000004
2.546
2.527
2.9560000000000004
2.8280000000000003
2.327
2.673
2.713
2.032
2.818
2.445
2.6910000000000003
2.541
2.629
2.655
2.78
3.053
2.767
2.722
2.595
2.541
2.705
2.654
2.923
2.478
2.623
2.719
2.443
2.6210000000000004
2.567
2.712
2.577
2.821
2.559
2.952
2.813
2.801
2.707
2.702
2.865
2.519
2.589
2.869
2.767
2.643
2.667
2.769
2.729
2.767
2.605
2.594
2.8680000000000003
2.55
2.4930000000000003
2.901
2.547
2.76
2.657
2.68
2.672
2.573
2.759
2.86
2.79
2.542
2.599
2.588
2.447
2.512
2.797
2.465
2.6710000000000003
2.574
2.431
2.875
2.737
2.627
2.6210000000000004
2.887
2.602
2.5660000000000003
2.744
2.9160000000000004
2.516
2.823
2.636
2.505
2.651
2.86
2.653
2.681
2.776
2.399
2.675
2.583
2.54
2.675
2.638
2.82
2.62
2.463
2.873
2.755
2.807
2.8110000000000004
2.699
2.5580000000000003
2.712
2.869
2.576
2.612
2.659
2.541
2.809
2.549
2.562
2.73
2.758
2.78
2.588
2.844
2.314
2.682
2.642
2.488
2.576
2.658
2.841
2.476
2.449
2.672
2.657
2.724
2.7430000000000003
2.8680000000000003
2.463
1.371
2.74
2.456
2.544
2.71
2.785
2.543
2.82
2.787
2.393
2.761
2.6
2.599
2.827
2.821
2.829
2.623
2.636
2.841
2.633
2.434
