2.633
2.642
2.8110000000000004
2.455
2.553
2.399
2.814
2.702
2.732
2.78
2.56
2.669
2.488
2.792
2.778
2.592
2.692
2.339
2.399
2.714
2.7060000000000004
2.957
2.488
2.679
2.622
2.555
2.737
2.8160000000000003
2.725
2.689
2.709
2.6630000000000003
2.5660000000000003
2.962
2.591
2.802
2.863
2.574
2.4130000000000003
2.712
2.897
2.79
2.564
2.83
2.676
2.425
2.705
2.349
2.673
2.612
2.697
2.518
2.687
2.76
2.611
3.0010000000000003
2.857
2.7460000000000004
2.753
2.823
2.454
2.898
2.742
2.573
2.709
2.472
2.757
2.513
2.673
2.739
2.533
2.603
2.631
2.784
2.696
2.619
2.485
2.443
2.9160000000000004
2.643
2.559
2.461
2.863
2.727
2.877
2.505
2.539
2.544
2.542
2.885
2.289
2.356
2.825
2.873
2.568
2.635
2.789
2.674
2.661
2.819
2.814
2.567
2.718
2.75
2.336
2.596
2.53
2.695
2.698
2.655
2.599
2.7310000000000003
2.9210000000000003
2.535
2.774
2.6180000000000003
2.698
2.405
2.928
2.614
2.728
2.5580000000000003
2.681
2.583
2.696
2.702
2.757
2.719
2.535
2.958
2.605
2.715
2.779
2.31
2.713
2.582
2.793
2.744
2.673
2.54
2.559
2.377
2.209
2.549
2.668
2.74
2.719
2.611
2.529
2.809
2.68
2.458
2.725
2.747
2.592
2.673
2.817
2.56
2.582
2.673
2.648
2.8080000000000003
3.015
2.515
2.725
2.652
2.649
2.8080000000000003
2.755
2.707
2.337
2.859
2.757
2.762
2.659
2.861
2.651
2.434
2.697
2.745
2.872
2.508
2.71
2.63
2.66
2.6830000000000003
2.654
2.436
2.65
2.89
2.894
2.801
2.826
2.71
2.452
2.793
2.603
2.8680000000000003
2.619
2.987
2.869
2.576
2.85
2.735
2.415
2.441
2.431
2.5
2.391
2.496
2.719
2.825
2.859
2.729
2.77
2.648
2.638
2.65
2.787
2.779
2.8560000000000003
2.736
2.736
2.86
2.654
2.782
2.386
2.617
2.693
2.736
2.551
2.714
2.4090000000000003
2.704
2.592
2.765
2.862
2.471
2.709
2.685
2.607
2.732
2.972
2.625
2.536
2.839
2.7030000000000003
2.648
2.739
2.573
2.9560000000000004
2.664
2.967
2.798
2.555
2.674
2.7
2.734
2.758
2.563
2.395
2.414
2.687
2.664
2.815
2.7910000000000004
2.803
2.233
2.589
2.9210000000000003
2.677
2.685
2.795
2.599
2.6830000000000003
2.4090000000000003
2.783
2.156
2.241
2.632
2.553
2.735
2.9960000000000004
2.633
2.522
2.495
2.69
2.739
2.675
2.907
2.384
2.67
2.609
2.766
2.758
2.716
2.645
2.504
2.795
2.754
2.76
2.551
2.99
2.68
2.682
2.474
2.512
2.7460000000000004
2.547
2.641
2.8360000000000003
2.59
2.7110000000000003
2.729
2.62
2.662
2.78
2.417
2.7030000000000003
2.75
2.942
2.574
2.804
2.2840000000000003
2.483
2.5610000000000004
2.895
2.62
2.583
2.675
2.735
2.7060000000000004
2.63
2.4
2.645
2.628
2.514
2.52
2.6210000000000004
2.815
2.549
2.6710000000000003
2.602
2.632
2.79
2.4730000000000003
2.511
2.625
2.351
2.664
3.04
2.708
2.782
2.777
2.484
2.722
1.833
2.445
2.874
2.492
2.7030000000000003
2.658
2.625
2.664
2.893
2.714
2.748
2.869
2.588
2.805
2.501
2.677
2.59
2.71
2.689
2.539
2.713
2.732
2.827
2.705
2.597
2.448
2.441
2.681
2.712
2.481
2.427
2.392
2.639
2.546
2.76
2.68
2.636
2.52
2.865
2.864
2.487
2.6630000000000003
2.837
2.967
2.714
2.385
2.9210000000000003
2.712
2.559
2.795
2.677
3.035
2.603
2.719
2.755
2.543
2.427
2.532
2.719
2.6460000000000004
2.503
2.553
2.8560000000000003
2.694
2.675
2.704
2.741
2.59
2.7030000000000003
2.65
2.748
2.628
2.773
2.77
2.514
2.573
2.704
3.19
2.6260000000000003
2.611
2.279
2.625
2.464
2.685
2.842
2.487
2.491
2.707
2.819
2.88
2.505
2.55
2.693
2.728
2.518
2.529
2.7260000000000004
2.577
2.7460000000000004
2.575
2.65
2.844
2.579
2.583
2.613
2.676
2.5
2.623
2.633
2.516
2.617
2.404
2.541
2.781
2.555
2.757
2.254
2.8
2.659
2.717
2.641
2.769
2.784
2.763
2.708
2.607
2.585
2.592
2.762
2.419
2.769
2.6260000000000003
2.794
2.769
2.642
2.917
2.423
2.589
2.702
2.755
2.5860000000000003
2.6460000000000004
2.693
2.826
2.717
2.722
2.972
2.747
2.693
2.593
2.58
2.4530000000000003
2.7
2.805
2.769
2.6180000000000003
2.779
2.56
2.39
2.594
2.798
2.757
2.506
2.904
2.343
2.439
2.568
2.607
3.04
2.605
2.7510000000000003
2.599
2.649
2.591
2.69
2.357
2.425
2.616
2.6060000000000003
2.653
2.776
2.474
2.5380000000000003
2.8560000000000003
2.6630000000000003
2.229
2.7060000000000004
2.917
2.5810000000000004
2.544
2.824
3.06
2.386
2.654
2.512
2.6660000000000004
2.638
2.573
2.639
2.464
2.537
2.937
2.636
2.464
2.286
2.736
2.94
2.567
2.699
2.7260000000000004
2.825
2.86
2.612
2.7060000000000004
2.757
3.033
2.773
2.845
2.943
2.873
2.7060000000000004
2.8110000000000004
2.568
2.738
2.877
2.404
2.5780000000000003
2.56
2.6630000000000003
2.7260000000000004
2.557
2.71
2.849
2.3480000000000003
2.695
2.59
2.7310000000000003
2.588
2.9610000000000003
2.597
2.914
2.697
2.2430000000000003
2.797
2.68
2.795
2.861
2.898
2.889
2.455
2.684
2.658
2.648
2.589
2.765
2.515
2.63
2.92
2.924
2.507
2.501
2.5980000000000003
2.747
3.019
2.69
2.88
2.73
2.637
2.689
2.49
2.627
2.564
2.695
2.764
2.528
2.7510000000000003
2.825
2.267
2.543
2.728
2.61
2.668
2.719
2.631
2.78
2.745
2.5580000000000003
2.546
2.639
2.562
2.922
2.718
2.644
2.424
2.79
2.754
2.476
2.914
2.6460000000000004
2.584
2.49
2.707
2.525
2.853
2.292
2.567
2.789
2.662
2.607
2.5580000000000003
2.837
2.889
2.633
2.766
2.693
2.754
2.795
2.563
2.989
2.411
2.6060000000000003
2.717
2.456
2.652
2.729
2.712
2.494
2.794
2.629
2.643
2.855
2.739
2.782
2.535
2.846
2.574
2.6060000000000003
2.786
2.6060000000000003
2.6260000000000003
2.908
2.653
2.567
2.5810000000000004
2.48
2.982
2.446
2.488
2.505
2.754
2.694
2.522
2.555
2.55
2.614
2.335
2.634
2.381
2.494
2.592
2.622
2.6910000000000003
2.633
2.571
2.245
2.718
2.729
2.6260000000000003
1.665
2.657
2.565
2.854
2.458
2.9210000000000003
2.6710000000000003
2.66
2.7030000000000003
2.8
2.639
2.632
2.465
2.674
2.548
2.49
2.551
2.68
2.637
2.722
2.684
2.777
2.712
2.7260000000000004
2.6710000000000003
2.552
2.622
2.644
2.754
2.49
2.717
2.3280000000000003
2.692
2.6210000000000004
2.917
2.826
2.363
2.665
2.72
2.613
2.677
2.766
2.584
2.54
2.436
2.818
2.794
2.512
2.579
2.528
2.699
2.9130000000000003
2.59
2.749
2.604
2.844
2.767
2.728
2.8960000000000004
2.69
2.448
2.557
2.82
2.839
2.452
2.665
2.879
2.54
2.716
2.818
2.752
2.43
2.7460000000000004
2.658
2.497
2.778
2.747
2.6860000000000004
2.629
2.872
2.3280000000000003
2.877
2.752
2.616
2.6910000000000003
2.49
2.715
2.781
2.846
2.7880000000000003
2.233
2.864
2.776
2.585
2.747
2.8
2.675
2.62
2.688
2.5810000000000004
2.722
2.892
2.539
2.495
2.532
2.345
2.696
2.837
2.67
2.464
2.882
2.813
2.732
2.793
2.427
2.411
2.785
2.773
2.833
2.798
2.61
2.37
2.68
2.609
2.55
2.229
2.969
2.627
2.299
2.7060000000000004
2.446
2.7230000000000003
2.985
2.892
2.814
2.49
2.802
2.506
2.585
2.829
2.812
2.611
2.676
2.665
2.511
2.745
2.6660000000000004
2.701
2.7460000000000004
2.594
2.507
2.625
2.697
2.714
2.787
2.392
2.633
2.541
2.568
2.975
2.488
2.448
2.77
2.5810000000000004
2.5610000000000004
2.564
2.59
2.696
2.633
2.659
2.837
2.636
2.955
2.649
2.69
2.862
2.84
2.699
2.657
2.844
2.515
2.702
2.923
2.547
2.849
2.837
2.36
2.658
2.8110000000000004
3.027
2.6010000000000004
2.333
2.737
2.657
2.882
2.641
2.7960000000000003
2.883
2.617
2.765
2.519
2.7460000000000004
2.444
2.781
2.612
2.469
2.869
2.57
2.449
2.738
2.692
2.827
2.458
2.529
2.5580000000000003
2.622
2.7060000000000004
2.722
2.693
2.524
2.898
2.755
2.57
2.72
2.821
2.709
2.669
2.764
2.955
2.6210000000000004
2.7510000000000003
2.713
2.6210000000000004
2.476
2.789
2.548
2.821
2.707
2.502
2.742
2.416
2.677
2.614
2.6460000000000004
2.8110000000000004
1.526
2.68
2.78
2.68
2.391
2.4730000000000003
2.877
2.739
2.9930000000000003
2.628
2.655
2.754
2.718
2.553
2.8310000000000004
2.92
2.494
2.867
2.565
2.623
2.484
2.507
2.588
2.787
3.036
2.6860000000000004
2.749
2.497
2.753
2.642
2.585
2.7880000000000003
2.632
2.97
2.655
2.514
2.91
2.693
2.514
2.911
2.667
2.62
2.472
2.786
2.61
2.4
2.647
2.575
2.418
2.549
2.547
2.279
2.587
2.582
2.672
2.459
2.769
2.728
2.742
2.481
2.694
2.634
2.68
2.378
2.372
2.637
2.769
2.506
2.189
2.595
2.451
2.407
2.986
2.6860000000000004
2.501
2.714
2.667
2.6
2.628
2.494
2.759
2.696
2.614
2.813
2.5860000000000003
2.939
2.658
2.658
2.556
2.5660000000000003
2.515
2.189
2.652
2.863
2.544
2.863
2.651
2.932
2.6910000000000003
2.699
2.697
2.551
2.605
2.39
2.623
2.639
2.88
2.77
2.958
2.815
2.589
2.692
2.749
2.7
2.888
2.64
2.608
2.735
2.535
2.552
2.902
2.767
2.468
2.479
2.915
2.78
2.699
2.492
2.567
2.733
2.563
2.569
2.672
3.0210000000000004
2.884
2.793
2.494
2.658
3.016
2.407
2.526
2.741
1.818
2.645
2.64
2.722
2.709
2.925
2.557
2.687
2.761
2.5780000000000003
2.709
2.678
2.499
2.637
2.542
2.725
2.78
2.463
2.76
3.048
2.6660000000000004
2.63
2.443
2.546
2.774
2.71
2.709
2.76
2.758
2.241
2.543
2.579
2.689
2.6210000000000004
2.927
2.754
2.4730000000000003
2.571
2.521
2.757
1.619
2.613
2.863
2.426
2.843
2.518
2.727
2.468
2.885
2.637
2.608
2.917
2.63
2.758
2.763
2.461
2.676
2.535
2.9560000000000004
2.784
2.59
2.515
3.035
2.668
2.732
2.443
2.603
2.526
2.52
2.616
2.6060000000000003
2.488
2.468
2.763
2.748
2.64
2.69
2.91
2.614
2.481
2.9360000000000004
2.93
1.855
2.693
2.8960000000000004
2.679
2.523
2.587
2.758
2.661
2.885
2.895
2.687
2.962
2.705
2.447
2.57
2.529
2.377
2.889
2.607
2.685
2.584
2.6060000000000003
2.459
2.305
2.608
2.772
2.61
1.947
2.847
2.597
2.9330000000000003
2.662
2.655
2.616
2.861
2.583
2.639
2.592
2.71
2.929
2.802
2.474
2.867
2.604
2.7510000000000003
2.61
2.6860000000000004
2.62
2.68
2.488
2.767
2.8480000000000003
2.7880000000000003
2.7710000000000004
2.51
2.605
2.772
2.616
2.677
2.623
2.388
2.551
2.387
2.5810000000000004
2.923
2.7
2.563
2.5380000000000003
2.676
2.698
2.647
2.608
2.595
2.7
2.778
2.881
2.661
2.7230000000000003
2.8510000000000004
2.825
2.678
2.527
2.662
2.592
2.647
2.56
2.757
2.656
2.998
2.389
2.688
2.5580000000000003
2.5580000000000003
2.536
2.404
2.679
2.778
2.622
2.7310000000000003
2.834
2.863
3.089
2.656
2.607
2.451
2.707
2.894
2.69
2.7310000000000003
2.664
2.6180000000000003
2.2230000000000003
2.7710000000000004
2.8280000000000003
2.7880000000000003
2.697
2.351
2.615
2.878
2.765
2.947
2.645
2.824
2.729
2.457
2.733
2.652
2.786
2.596
2.595
2.6660000000000004
2.924
2.518
2.512
2.617
2.693
2.739
2.812
2.774
2.853
2.792
2.491
2.587
2.568
2.906
2.5580000000000003
2.682
2.681
2.761
2.633
2.874
2.887
2.624
2.665
2.766
2.535
2.448
2.478
2.651
2.753
