2.754
3.0380000000000003
2.8760000000000003
2.818
3.108
2.83
2.749
2.801
2.794
2.725
2.875
2.752
2.734
2.728
2.488
3.051
2.677
2.837
2.7310000000000003
3.132
3.083
2.854
2.84
2.624
2.882
3.006
2.829
2.922
2.414
2.724
2.884
2.615
2.4730000000000003
2.679
2.767
2.75
2.86
2.855
2.883
2.927
3.1210000000000004
2.837
2.793
2.837
2.56
3.003
2.61
2.7710000000000004
2.574
3.235
2.849
2.966
2.434
2.911
2.673
2.772
3.06
2.979
3.024
2.8510000000000004
2.821
2.524
2.849
2.758
2.7
2.724
2.855
3.049
2.9
3.002
2.648
2.685
2.911
2.579
2.589
2.582
3.027
2.729
2.759
2.8280000000000003
2.677
2.944
2.835
3.0410000000000004
2.92
2.446
2.798
2.994
2.899
2.721
2.803
2.7110000000000003
2.803
2.932
2.906
2.645
2.7430000000000003
2.84
3.084
2.926
2.772
3.044
2.787
3.2230000000000003
2.61
3.1210000000000004
2.932
2.888
3.2510000000000003
2.56
2.717
2.7030000000000003
2.919
2.817
2.066
2.923
3.075
3.007
2.966
2.616
2.353
2.949
2.907
2.8080000000000003
2.807
2.772
2.96
2.96
2.845
2.84
2.864
2.712
2.821
2.704
2.962
2.644
2.912
2.759
2.883
2.699
2.768
2.9810000000000003
2.891
2.914
2.82
2.736
2.761
2.932
2.819
2.599
2.954
2.949
2.958
2.651
2.935
2.8480000000000003
2.784
2.387
2.7510000000000003
3.117
3.005
3.102
2.918
2.752
3.137
3.12
3.02
2.629
2.497
2.734
2.9610000000000003
3.029
3.234
2.972
3.008
2.63
2.75
2.802
2.584
2.918
2.5780000000000003
2.884
2.987
2.807
2.846
3.052
2.984
2.574
2.781
3.087
2.6010000000000004
2.696
2.68
2.9930000000000003
2.919
3.039
2.714
2.755
2.643
2.67
2.807
2.701
3.088
2.734
2.91
2.911
2.536
2.721
2.826
2.642
2.732
2.757
2.914
2.929
2.694
2.843
3.043
2.997
2.864
2.989
3.073
2.773
2.812
2.897
3.091
2.67
3.074
2.687
2.727
2.82
2.735
2.727
3.004
2.919
2.772
2.749
2.792
2.643
3.0780000000000003
3.07
2.757
2.792
2.9210000000000003
2.925
2.915
2.705
2.938
2.722
2.833
2.8280000000000003
2.674
3.111
2.669
2.943
2.94
2.67
2.778
2.805
2.655
2.862
3.019
2.892
3.0010000000000003
2.897
3.011
3.059
2.922
2.789
2.958
2.979
3.063
2.8710000000000004
2.982
2.6660000000000004
2.589
3.022
2.963
2.507
2.879
2.724
2.967
2.803
2.855
2.678
2.95
2.777
2.894
2.778
2.853
3.197
2.756
2.954
2.88
2.6710000000000003
2.758
2.891
2.749
2.834
2.881
3.112
2.797
2.777
2.891
2.478
2.951
2.99
2.988
2.922
2.714
3.138
3.088
2.835
2.832
2.81
2.9560000000000004
3.119
2.905
2.6860000000000004
1.545
3.123
2.734
2.821
2.852
2.892
2.709
3.014
2.787
2.516
2.572
2.779
2.773
2.8310000000000004
2.93
2.833
2.512
2.782
2.787
2.906
2.705
