2.733
2.719
2.724
2.665
2.8560000000000003
2.765
3.064
2.792
2.8510000000000004
2.753
2.759
2.785
2.76
2.935
2.946
2.546
2.9160000000000004
2.738
2.837
2.834
2.92
2.7910000000000004
2.988
2.701
2.793
2.928
2.943
2.636
2.971
2.407
3.102
3.002
2.884
2.555
2.975
2.892
2.9410000000000003
2.722
2.672
2.939
2.935
3.012
2.6060000000000003
3.07
2.755
2.849
2.962
2.759
2.698
2.572
2.39
2.899
2.895
2.931
2.82
3.053
2.9810000000000003
2.765
3.035
3.049
2.91
2.821
2.934
2.792
2.8080000000000003
2.742
2.659
2.855
2.842
2.869
2.608
2.878
2.729
2.835
2.775
3.037
2.7310000000000003
2.679
2.845
2.915
2.908
2.727
2.821
3.044
3.003
2.7710000000000004
2.924
2.669
2.866
3.002
2.737
2.419
2.777
2.9530000000000003
2.761
2.893
3.057
2.809
2.969
2.718
2.8160000000000003
2.629
2.733
2.634
2.625
2.92
2.699
2.9210000000000003
2.763
3.0580000000000003
3.025
3.055
3.08
2.799
2.84
2.875
2.91
2.818
3.0460000000000003
2.955
2.78
2.664
3.096
2.755
2.947
2.8280000000000003
2.819
2.77
2.886
3.0810000000000004
2.69
3.044
2.704
2.934
2.655
2.821
2.847
3.049
2.7110000000000003
2.812
2.736
2.753
2.44
2.722
2.979
2.823
3.135
3.1010000000000004
2.537
2.922
2.81
2.478
3.055
2.822
2.806
2.698
2.81
2.827
2.834
2.909
2.782
2.75
3.141
2.878
2.942
2.948
2.8
2.989
2.829
3.072
2.807
2.9
2.886
2.88
2.9530000000000003
2.795
2.934
2.893
2.526
2.93
2.94
2.6210000000000004
3.026
3.0010000000000003
2.797
3.013
3.06
2.866
2.859
2.9330000000000003
2.9
2.682
2.989
2.885
2.952
2.88
2.909
2.729
3.052
3.21
3.252
2.6010000000000004
2.912
2.8960000000000004
2.755
2.777
2.799
2.582
2.63
2.764
2.69
2.881
3.103
2.801
2.805
2.661
2.905
2.72
2.775
2.88
2.741
2.866
2.994
2.8760000000000003
2.712
3.1210000000000004
2.783
2.815
2.6710000000000003
3.1460000000000004
2.769
2.99
2.579
2.715
2.8080000000000003
3.008
2.7
2.854
2.8760000000000003
2.892
2.911
3.0010000000000003
3.012
2.908
2.885
3.124
3.002
2.979
3.262
2.7510000000000003
3.002
2.669
2.944
2.764
2.659
3.009
2.985
2.801
2.9
2.966
2.865
2.446
2.652
2.709
2.971
2.891
2.832
2.725
2.815
2.829
2.824
2.852
2.59
2.8560000000000003
2.769
2.728
3.176
2.727
2.732
2.965
2.772
3.059
2.9130000000000003
3.008
2.67
2.787
2.977
2.885
2.844
2.926
2.81
3.165
2.91
2.809
2.8960000000000004
2.819
2.914
2.793
2.8360000000000003
2.957
3.125
2.849
3.254
2.845
2.877
2.642
2.852
2.822
2.85
2.875
3.037
2.792
2.642
2.944
2.826
2.929
3.047
2.779
2.8760000000000003
2.918
2.8510000000000004
2.727
2.717
2.5980000000000003
2.826
2.802
3.006
2.757
2.3680000000000003
2.754
2.909
3.1710000000000003
2.762
2.747
2.716
2.634
2.6860000000000004
2.6260000000000003
2.781
3.083
2.741
2.797
2.968
2.7260000000000004
3.015
2.555
2.762
2.898
2.903
2.838
3.217
2.951
2.945
3.269
2.801
3.006
2.805
2.822
2.942
2.805
2.782
2.9410000000000003
2.702
2.906
3.112
2.911
2.882
2.955
2.832
3.088
2.702
2.8680000000000003
2.733
2.631
2.885
2.964
2.718
2.94
2.7510000000000003
3.013
2.81
2.7030000000000003
2.763
2.814
2.895
2.744
2.692
2.757
2.847
2.4930000000000003
2.917
2.955
2.813
2.752
2.778
2.6
2.879
2.971
2.927
3.0810000000000004
2.805
2.738
2.842
2.744
2.847
2.863
2.709
3.144
2.699
2.865
2.82
2.869
2.692
2.76
3.037
2.4730000000000003
2.607
2.821
2.972
2.963
3.1910000000000003
2.865
2.944
2.846
2.951
2.629
2.903
2.652
2.883
2.955
2.732
2.812
2.914
3.131
2.8960000000000004
2.684
2.575
2.728
2.942
2.852
2.863
2.864
2.874
2.884
2.688
2.864
2.645
2.5980000000000003
2.692
2.894
2.747
2.763
3.1
2.8280000000000003
3.213
2.627
2.7430000000000003
3.053
2.694
3.089
2.786
3.035
2.867
2.87
2.944
2.864
2.7710000000000004
2.67
2.607
2.803
2.926
2.822
2.964
2.749
2.957
2.8510000000000004
2.892
2.884
2.878
2.7460000000000004
2.89
2.978
2.557
2.872
2.693
2.6830000000000003
3.014
3.0
2.837
2.99
2.879
2.959
2.6830000000000003
2.44
2.8080000000000003
2.995
2.747
2.843
2.874
2.735
2.734
2.827
2.978
2.8760000000000003
2.954
2.779
3.034
2.7960000000000003
2.809
3.09
2.705
2.894
2.861
2.832
2.733
2.992
2.782
2.977
3.119
2.898
2.655
2.46
2.875
2.926
3.217
2.801
2.869
2.888
2.767
2.764
2.865
2.79
2.8310000000000004
2.899
2.8680000000000003
2.946
2.9610000000000003
2.757
2.927
3.079
2.903
2.631
2.922
2.931
2.815
2.497
2.814
3.256
2.7060000000000004
2.885
2.767
3.0010000000000003
3.052
2.9410000000000003
2.919
2.884
2.866
3.091
2.84
2.669
2.656
3.065
3.072
2.724
2.885
2.923
2.669
3.116
3.137
3.109
2.815
2.832
2.979
2.754
2.897
2.974
2.757
2.786
2.775
3.004
2.7880000000000003
2.69
2.903
2.823
3.008
2.543
2.672
3.005
3.087
2.362
2.84
2.946
2.8
2.761
3.083
2.656
3.1010000000000004
2.955
2.837
2.807
2.926
2.634
2.866
2.873
2.734
2.727
2.818
2.479
2.984
2.803
2.792
2.765
2.764
2.8480000000000003
3.157
2.728
2.8760000000000003
2.923
2.7260000000000004
2.909
3.01
3.103
2.899
2.837
2.9
2.862
2.814
2.705
3.123
2.983
2.732
2.8110000000000004
2.817
2.685
2.853
2.824
2.757
2.527
2.943
2.814
2.846
2.719
2.7880000000000003
2.393
2.937
2.87
2.776
3.033
2.835
2.702
2.901
2.853
3.005
3.0460000000000003
3.035
2.977
2.747
2.767
2.685
2.9
2.642
2.846
2.972
3.136
2.833
2.866
2.9210000000000003
3.044
2.842
2.944
3.057
2.786
2.8160000000000003
2.85
3.222
2.883
2.62
2.99
2.734
2.803
2.937
2.84
2.789
2.717
2.867
2.769
2.95
2.8110000000000004
2.886
2.69
2.782
2.9760000000000004
2.863
3.065
2.643
2.754
3.2
2.881
2.799
2.697
3.125
3.158
2.968
2.741
2.7110000000000003
2.793
2.6830000000000003
2.806
2.414
2.708
2.888
2.633
3.043
2.641
2.869
2.789
2.873
2.704
2.971
2.772
2.678
2.959
2.9160000000000004
2.672
1.804
2.867
2.709
3.02
2.699
2.85
2.775
2.96
2.884
3.174
2.595
3.019
2.724
2.752
2.721
2.866
2.9360000000000004
2.8080000000000003
2.737
2.78
2.9210000000000003
2.86
2.804
2.718
2.7460000000000004
2.792
2.962
2.96
2.585
2.943
2.875
2.759
2.883
2.979
2.908
2.887
2.451
2.869
2.7910000000000004
2.897
2.932
3.032
2.74
2.8280000000000003
2.761
2.887
2.882
2.75
2.685
2.5610000000000004
2.6910000000000003
2.733
2.846
2.798
2.692
2.992
3.292
2.798
3.009
3.033
2.65
2.709
3.268
2.884
2.769
2.87
2.89
2.747
3.104
2.935
2.798
2.519
2.807
2.797
2.7030000000000003
2.907
2.898
2.694
2.864
2.9330000000000003
2.759
3.196
3.07
2.8680000000000003
3.1860000000000004
2.789
2.97
3.008
2.643
3.012
2.7880000000000003
3.174
3.032
2.942
2.908
2.78
2.814
2.985
2.9530000000000003
2.795
2.85
2.9530000000000003
2.7260000000000004
2.832
2.995
2.82
2.845
2.9530000000000003
2.73
2.463
2.875
2.98
2.712
3.051
2.7260000000000004
2.819
2.6710000000000003
2.992
3.08
2.782
2.556
2.642
3.0580000000000003
2.675
2.638
2.634
2.971
3.116
2.523
3.06
2.797
2.801
2.899
3.054
3.04
2.866
2.877
2.5660000000000003
2.689
2.975
2.992
2.991
2.821
2.777
2.992
2.832
2.797
2.905
2.9160000000000004
2.689
2.872
2.762
2.794
2.499
3.042
2.6910000000000003
2.787
2.842
2.502
3.049
2.911
2.76
2.946
2.915
2.917
2.729
3.2
2.889
2.9960000000000004
2.728
2.988
2.869
3.17
3.033
2.789
2.923
3.019
2.927
2.9560000000000004
2.967
2.863
2.627
3.054
2.947
2.99
2.889
2.728
2.823
2.899
3.012
2.905
2.696
2.888
2.7
2.955
2.915
2.641
2.986
2.732
2.9210000000000003
2.838
3.004
2.337
2.827
2.9130000000000003
2.754
3.152
2.639
2.735
2.819
2.903
2.986
2.801
2.694
2.696
2.795
2.887
3.034
3.15
2.7910000000000004
2.8360000000000003
3.139
2.496
2.8
2.672
2.72
2.83
2.944
2.875
2.832
2.963
2.863
2.694
2.494
2.887
2.574
2.672
2.677
2.719
2.911
3.088
2.839
2.74
2.843
3.07
1.64
2.77
2.873
2.9810000000000003
2.699
2.79
3.0380000000000003
3.012
3.363
2.809
2.834
2.8710000000000004
2.814
2.998
2.9610000000000003
2.7460000000000004
2.4730000000000003
3.0860000000000003
2.77
2.92
2.761
2.9360000000000004
2.814
2.843
2.974
3.09
2.8510000000000004
2.786
3.073
2.71
2.67
2.571
3.014
2.724
2.938
2.4730000000000003
3.196
3.03
2.716
2.87
2.992
2.636
2.6630000000000003
2.824
2.698
2.61
2.9330000000000003
2.9410000000000003
2.8760000000000003
2.766
2.794
2.78
2.7710000000000004
2.83
2.945
2.846
2.8160000000000003
2.954
2.739
2.91
3.073
2.535
2.934
2.903
2.741
2.881
2.715
2.556
2.778
2.8960000000000004
2.847
2.664
2.904
2.882
2.714
2.952
2.849
2.659
2.837
2.5580000000000003
3.05
2.668
2.824
2.934
2.776
3.033
2.794
3.045
2.702
2.91
2.575
2.823
2.935
2.992
2.889
2.934
2.762
3.1010000000000004
2.603
2.95
2.806
2.85
3.091
2.698
2.918
2.514
3.028
2.781
2.987
3.011
2.784
2.864
3.0410000000000004
2.73
2.698
2.861
2.877
2.689
2.9130000000000003
2.681
3.079
2.7030000000000003
2.97
2.607
3.128
2.809
2.5780000000000003
2.617
2.947
2.7310000000000003
2.835
2.689
2.905
2.673
2.688
2.967
2.615
2.9560000000000004
3.411
2.7880000000000003
2.677
2.783
2.807
2.822
2.93
2.823
2.877
2.843
3.065
2.897
2.572
2.9410000000000003
2.914
2.77
2.802
2.8360000000000003
2.967
2.801
3.03
2.821
2.819
3.0410000000000004
2.734
2.721
2.742
2.662
2.728
2.864
2.877
2.812
2.917
2.732
2.678
2.719
2.695
2.694
3.044
3.022
2.99
2.772
3.026
2.819
2.314
3.073
2.944
2.865
3.045
2.739
2.859
2.656
2.998
2.846
2.739
2.69
2.889
2.923
2.875
2.7260000000000004
2.903
2.859
3.005
2.98
2.715
2.98
2.969
3.019
2.696
2.58
2.721
2.927
2.685
2.777
2.768
2.931
2.841
2.977
2.992
3.07
2.801
2.982
2.611
2.5
3.115
3.049
2.878
2.894
3.14
2.969
2.932
2.779
2.986
2.627
2.847
2.659
2.712
2.716
2.865
2.786
2.965
2.764
2.488
2.955
2.894
3.017
2.9930000000000003
2.858
2.542
2.675
2.928
2.649
2.735
2.415
2.917
2.81
2.937
2.923
2.761
2.809
2.854
3.032
2.8280000000000003
3.026
2.82
2.898
2.977
2.627
2.829
2.824
2.753
2.75
2.883
2.901
2.943
2.766
3.129
2.915
2.781
2.685
2.821
2.9130000000000003
2.804
3.109
2.799
2.721
2.672
2.568
2.781
2.963
3.2310000000000003
2.827
2.7
2.881
2.7960000000000003
2.826
2.845
3.131
2.793
2.774
2.925
2.815
2.97
2.886
3.0210000000000004
2.915
2.98
2.827
2.948
2.546
2.997
2.97
2.702
2.992
3.027
2.5810000000000004
2.789
2.517
3.006
2.878
2.446
2.747
2.877
2.781
2.809
2.8560000000000003
2.698
2.988
2.645
2.814
2.843
3.013
2.9360000000000004
2.9130000000000003
2.767
2.794
2.732
2.608
2.943
2.935
2.793
2.915
2.715
2.6210000000000004
2.985
2.66
2.878
2.84
2.81
3.0860000000000003
2.502
3.115
2.999
2.692
2.755
2.577
3.015
3.027
2.761
2.852
2.805
2.6710000000000003
3.062
3.279
3.095
2.861
2.989
2.688
2.883
2.654
2.85
3.064
3.137
2.8560000000000003
3.01
2.737
2.939
3.033
2.92
2.54
2.852
2.8710000000000004
2.6210000000000004
2.835
2.844
2.739
