2.769
3.014
2.835
2.688
3.137
2.667
2.687
2.722
2.795
2.6
2.709
2.7060000000000004
2.757
2.728
2.59
2.9930000000000003
2.737
2.819
2.919
2.998
2.968
2.762
2.857
2.537
2.842
2.945
2.786
3.091
2.762
2.781
2.807
2.7460000000000004
2.579
2.63
2.722
2.7880000000000003
2.707
2.877
2.7460000000000004
2.761
3.002
2.938
2.714
2.775
2.636
2.988
2.617
2.817
2.52
3.12
2.786
2.7960000000000003
2.357
2.927
2.676
2.766
3.093
2.855
3.006
2.894
2.8480000000000003
2.507
2.918
2.725
2.575
2.681
2.8160000000000003
3.0860000000000003
2.943
2.8480000000000003
2.631
2.672
2.978
2.715
2.632
2.556
2.972
2.707
2.783
2.803
2.76
2.835
2.865
3.092
2.9360000000000004
2.489
2.882
2.879
2.906
2.699
2.758
2.785
2.71
2.982
3.035
2.124
2.9330000000000003
2.852
3.049
2.879
2.7310000000000003
2.9760000000000004
2.66
3.235
2.593
3.162
2.863
2.8960000000000004
3.125
2.536
2.764
2.717
2.917
2.875
1.961
3.007
3.175
2.9560000000000004
2.812
2.517
2.559
2.962
2.829
2.8360000000000003
2.755
2.832
2.946
2.954
2.917
2.872
2.864
2.637
2.784
2.631
2.861
2.613
2.8510000000000004
2.722
2.748
2.649
2.8110000000000004
2.97
2.892
2.91
2.7910000000000004
2.728
2.6860000000000004
2.695
2.8110000000000004
2.577
2.9610000000000003
2.918
2.887
2.564
2.86
2.775
2.763
2.392
2.71
3.02
2.962
3.1830000000000003
2.907
2.819
3.1660000000000004
3.0210000000000004
3.01
2.75
2.507
2.7110000000000003
2.89
2.95
3.144
2.897
3.099
2.7710000000000004
2.7430000000000003
2.699
2.65
2.919
2.58
2.8280000000000003
2.85
2.8480000000000003
2.832
2.92
2.969
2.587
2.8480000000000003
2.948
2.615
2.75
2.589
3.036
2.807
2.992
2.71
2.745
2.7710000000000004
2.628
2.878
2.704
3.06
2.827
2.837
2.982
2.51
2.719
2.834
2.693
2.7460000000000004
2.764
2.865
2.964
2.685
2.81
2.972
2.877
2.824
2.962
3.1180000000000003
2.802
2.756
2.854
2.978
2.628
2.9210000000000003
2.635
2.738
2.797
2.754
2.745
2.9530000000000003
2.917
2.877
2.861
2.804
2.639
3.124
3.027
2.75
2.832
2.8560000000000003
2.861
2.8480000000000003
2.802
2.957
2.69
2.841
2.781
2.728
2.968
2.83
3.0210000000000004
2.748
2.694
2.764
2.744
2.631
2.824
2.893
2.908
2.954
3.028
3.023
3.04
2.924
2.732
2.97
2.9210000000000003
3.044
2.838
2.928
2.775
2.532
3.045
2.937
2.573
2.794
2.781
2.892
2.747
2.732
2.782
3.024
2.859
2.95
2.8160000000000003
2.847
3.125
2.833
2.964
2.773
2.748
2.71
2.881
2.844
2.562
2.792
3.015
2.689
2.85
2.864
2.475
2.858
2.92
2.807
2.85
2.7880000000000003
3.067
3.0810000000000004
2.786
2.982
2.802
2.887
2.97
2.817
2.591
1.624
3.067
2.724
2.7510000000000003
2.866
2.821
2.757
2.904
2.6860000000000004
2.59
2.495
2.738
2.662
2.842
2.947
2.846
2.552
2.8160000000000003
2.789
2.854
2.649
