2.741
2.925
2.692
2.5980000000000003
2.766
2.716
3.0210000000000004
2.809
2.887
2.783
2.8110000000000004
2.745
2.756
2.909
2.884
2.572
2.9330000000000003
2.72
2.9210000000000003
2.7310000000000003
2.865
2.7880000000000003
2.807
2.6460000000000004
2.675
2.877
2.939
2.807
2.959
2.445
3.1260000000000003
2.969
2.849
2.665
2.934
2.955
2.944
2.664
2.687
2.858
2.893
2.853
2.564
2.904
2.7030000000000003
2.7960000000000003
3.03
2.841
2.698
2.496
2.432
2.826
2.858
2.8710000000000004
2.736
3.099
3.009
2.69
2.9760000000000004
2.9530000000000003
2.813
2.773
2.878
2.785
2.859
2.725
2.728
2.812
2.962
2.842
2.62
2.971
2.7310000000000003
2.87
2.815
2.964
2.637
2.623
2.88
2.883
2.954
2.763
2.7260000000000004
2.9130000000000003
3.099
2.7230000000000003
2.792
2.6
2.802
2.967
2.716
2.4290000000000003
2.7510000000000003
2.9210000000000003
2.685
2.897
3.06
2.801
2.813
2.8310000000000004
2.756
2.687
2.799
2.628
2.6210000000000004
2.802
2.7460000000000004
2.855
2.787
3.104
3.03
2.93
2.992
2.758
2.772
2.754
2.909
2.769
3.12
2.903
2.809
2.821
3.044
2.699
2.938
2.859
2.789
2.7060000000000004
2.975
3.053
2.689
2.867
2.668
2.889
2.695
2.874
2.863
2.968
2.631
2.823
2.794
2.741
2.5980000000000003
2.745
3.02
2.829
3.0380000000000003
2.9960000000000004
2.529
2.8760000000000003
2.82
2.335
3.042
2.768
2.804
2.698
2.78
2.749
2.744
2.839
2.71
2.783
3.091
2.869
3.015
2.875
2.752
2.944
2.739
2.855
2.658
3.019
2.966
2.804
3.012
2.793
2.835
2.954
2.647
2.883
2.93
2.613
2.908
2.98
2.813
2.947
2.923
2.74
2.737
2.9810000000000003
2.932
2.768
2.951
2.8560000000000003
2.883
2.8710000000000004
2.832
2.7230000000000003
3.051
3.136
3.213
2.57
2.755
2.966
2.795
2.8080000000000003
2.8080000000000003
2.588
2.5980000000000003
2.6460000000000004
2.654
2.99
2.992
2.617
2.768
2.6910000000000003
2.755
2.684
2.8560000000000003
2.862
2.84
2.926
2.903
2.798
2.778
3.003
2.759
2.837
2.724
3.073
2.821
3.039
2.715
2.852
2.757
2.951
2.72
2.727
2.795
2.85
2.841
3.016
3.0460000000000003
2.8080000000000003
2.864
3.1830000000000003
3.054
2.9730000000000003
3.11
2.681
3.15
2.65
2.895
2.874
2.724
2.972
3.022
2.8710000000000004
2.829
2.854
2.95
2.489
2.61
2.911
2.8480000000000003
2.948
2.917
2.7110000000000003
2.813
2.8480000000000003
2.8110000000000004
2.7
2.59
2.8510000000000004
2.8510000000000004
2.761
3.158
2.843
2.682
2.987
2.701
3.069
2.898
3.035
2.736
2.77
2.935
2.823
2.801
2.882
2.813
3.085
2.784
2.853
2.857
2.7510000000000003
2.9530000000000003
2.77
2.879
2.974
3.024
2.807
3.237
2.833
2.785
2.577
2.986
2.77
2.875
2.787
3.099
2.6710000000000003
2.656
2.9
2.789
2.87
2.975
2.637
2.9530000000000003
2.874
2.923
2.66
2.7060000000000004
2.5580000000000003
2.843
2.767
2.999
2.817
2.341
2.678
2.879
3.239
2.738
2.789
2.668
2.568
2.817
2.657
2.7230000000000003
3.015
2.776
2.827
3.013
2.709
2.887
2.539
3.03
2.892
2.824
2.8510000000000004
3.228
2.97
3.003
3.0860000000000003
2.752
2.942
2.64
2.793
2.902
2.834
2.769
2.8560000000000003
2.722
2.7880000000000003
2.962
2.832
2.748
2.908
2.786
3.054
2.6830000000000003
2.753
2.712
2.599
2.793
2.989
2.795
2.8960000000000004
2.753
3.048
2.825
2.709
2.722
2.734
2.949
2.719
2.672
2.835
2.763
2.575
2.8960000000000004
2.912
2.904
2.701
2.758
2.76
2.889
2.838
2.922
2.9960000000000004
2.654
2.681
2.793
2.6210000000000004
2.882
2.844
2.689
3.114
2.7
2.864
2.912
2.8080000000000003
2.672
2.73
3.006
2.562
2.477
2.792
3.034
2.947
3.117
2.904
2.9330000000000003
2.8960000000000004
2.902
2.705
2.83
2.678
2.8480000000000003
2.887
2.763
2.707
2.807
3.168
2.878
2.6630000000000003
2.685
2.677
2.934
2.7
2.849
2.863
2.847
2.794
2.7030000000000003
2.862
2.67
2.714
2.729
2.9160000000000004
2.794
2.8160000000000003
3.102
2.879
3.117
2.841
2.89
3.0
2.672
3.042
2.7310000000000003
3.034
2.798
2.748
2.975
2.857
2.76
2.661
2.612
2.735
2.887
2.776
2.763
2.813
2.9560000000000004
2.864
2.918
2.8710000000000004
2.929
2.853
2.874
2.903
2.567
2.9160000000000004
2.763
2.76
3.06
3.099
2.667
2.882
2.884
2.93
2.63
2.783
2.76
2.932
2.7510000000000003
2.818
2.806
2.74
2.694
2.729
3.045
2.787
2.914
2.7430000000000003
3.007
2.7110000000000003
2.826
3.133
2.736
2.794
2.846
2.869
2.765
2.97
2.7030000000000003
2.912
3.112
2.938
2.678
2.585
2.7510000000000003
2.955
3.228
2.75
2.845
2.847
2.735
2.744
2.878
2.701
2.966
3.1010000000000004
2.883
2.899
2.904
2.854
2.84
3.123
2.909
2.589
2.946
2.963
2.797
2.531
2.85
3.3
2.688
2.783
2.809
2.945
2.943
2.914
2.787
2.858
2.8160000000000003
3.169
2.819
2.678
2.814
2.982
3.011
2.65
2.84
2.874
2.682
3.113
3.095
2.99
2.7960000000000003
2.769
2.9760000000000004
2.8480000000000003
3.0580000000000003
3.068
2.679
2.737
2.881
2.9530000000000003
2.8310000000000004
2.6660000000000004
2.8710000000000004
2.857
3.023
2.6260000000000003
2.627
2.9130000000000003
2.9760000000000004
2.32
2.846
2.911
2.651
2.797
3.084
2.644
3.023
2.897
2.721
2.927
2.85
2.647
2.8
2.9530000000000003
2.977
2.753
2.713
2.603
2.925
2.615
2.74
2.7510000000000003
2.827
3.002
3.272
2.801
2.994
2.761
2.712
2.8710000000000004
2.918
3.008
2.862
2.789
2.93
2.899
2.905
2.613
3.108
2.926
2.789
2.717
2.725
2.883
2.858
2.807
2.667
2.603
2.935
2.741
2.85
2.747
2.742
2.389
2.8710000000000004
3.037
2.819
3.063
2.797
2.617
2.815
2.8160000000000003
3.011
3.134
3.082
2.9210000000000003
2.822
2.8
2.679
2.907
2.638
2.8710000000000004
2.985
3.008
2.799
2.76
2.937
3.039
2.785
2.914
2.952
2.8110000000000004
2.807
2.799
3.107
2.789
2.6260000000000003
2.906
2.724
2.946
2.872
2.79
2.773
2.76
2.78
2.775
2.997
2.917
2.8760000000000003
2.73
2.727
2.959
2.789
2.995
2.6860000000000004
2.7880000000000003
3.165
2.863
2.841
2.729
2.977
3.095
2.932
2.9610000000000003
2.696
2.863
2.712
2.754
2.562
2.653
2.841
2.647
2.945
2.675
2.782
2.775
2.784
2.685
2.9560000000000004
2.867
2.477
2.918
2.938
2.639
1.763
2.8510000000000004
2.648
2.96
2.5660000000000003
2.769
2.739
3.0380000000000003
2.867
3.253
2.6710000000000003
2.966
2.779
2.87
2.719
2.725
2.8760000000000003
2.865
2.748
2.689
2.907
2.843
2.73
2.736
2.572
2.676
2.89
2.862
2.682
2.907
2.829
2.7110000000000003
2.874
2.89
2.887
2.797
2.6210000000000004
2.789
2.795
2.842
2.885
2.95
2.764
2.676
2.678
2.862
2.943
2.768
2.689
2.504
2.638
2.594
2.8960000000000004
2.838
2.673
2.915
3.264
2.766
3.02
2.982
2.536
2.682
3.033
2.764
2.756
2.839
2.787
2.925
3.0460000000000003
2.883
2.923
2.428
2.72
2.837
2.672
2.943
2.845
2.632
2.883
2.861
2.7110000000000003
3.22
3.089
2.902
3.252
2.6830000000000003
2.92
3.006
2.661
2.912
2.651
3.26
3.063
2.9130000000000003
2.919
2.708
2.734
2.985
2.964
2.855
2.802
2.9330000000000003
2.714
2.925
3.02
2.74
2.741
2.979
2.725
2.402
2.8760000000000003
2.988
2.758
2.965
2.5660000000000003
2.8760000000000003
2.631
3.019
3.009
2.7030000000000003
2.57
2.639
3.008
2.744
2.635
2.707
2.942
2.94
2.511
2.942
2.878
2.7910000000000004
2.99
2.979
3.069
2.725
2.815
2.645
2.759
2.928
2.943
3.1060000000000003
2.802
2.832
3.002
2.756
2.861
2.9160000000000004
3.018
2.73
2.825
2.7460000000000004
2.745
2.749
3.1180000000000003
2.632
2.758
2.903
2.495
3.045
2.832
2.702
3.009
3.07
2.904
2.647
3.075
2.847
2.949
2.667
2.907
2.782
3.1910000000000003
3.107
2.753
2.89
2.951
2.802
2.954
2.902
2.859
2.7110000000000003
3.069
2.988
2.932
2.8760000000000003
3.0210000000000004
2.877
2.829
3.0580000000000003
2.8710000000000004
2.803
2.978
2.7
2.787
2.994
2.7310000000000003
2.881
2.786
2.781
2.8710000000000004
3.114
2.362
2.964
2.988
2.6630000000000003
3.141
2.738
2.689
2.834
2.867
2.999
2.781
2.81
2.721
2.802
2.893
3.007
3.084
2.819
2.883
3.084
2.697
2.906
2.8110000000000004
2.844
2.801
2.924
2.965
2.873
2.83
2.87
2.673
2.5810000000000004
2.826
2.65
2.8110000000000004
2.705
2.724
2.817
3.035
2.83
2.658
2.739
3.16
1.7480000000000002
2.773
2.865
2.912
2.766
2.766
2.9130000000000003
2.97
3.293
2.858
2.775
2.7710000000000004
2.7710000000000004
2.885
2.87
2.7430000000000003
2.579
3.077
2.705
2.897
2.724
2.929
2.754
2.8160000000000003
2.906
3.0210000000000004
2.7060000000000004
2.846
2.95
2.769
2.654
2.645
2.749
2.696
2.94
2.491
3.15
2.9560000000000004
2.798
2.875
2.9160000000000004
2.739
2.989
2.81
2.7510000000000003
2.7060000000000004
2.843
2.879
2.715
2.708
2.7060000000000004
2.728
2.737
2.839
2.911
2.713
2.8680000000000003
2.937
2.7260000000000004
2.7230000000000003
3.024
2.667
2.9760000000000004
2.907
2.717
2.846
2.729
2.616
2.697
2.94
2.88
2.642
2.91
2.79
2.532
2.82
2.822
2.7510000000000003
2.787
2.471
2.979
2.678
2.729
3.073
2.712
2.9560000000000004
2.733
3.06
2.742
2.853
2.628
2.838
2.793
3.011
2.937
2.9960000000000004
2.817
2.9810000000000003
2.727
2.914
2.8760000000000003
2.908
2.897
2.6630000000000003
2.881
2.551
2.9760000000000004
2.729
3.043
3.125
2.72
2.77
3.006
2.6830000000000003
2.659
2.881
2.942
2.6630000000000003
2.894
2.643
3.059
2.842
2.824
2.708
3.204
2.749
2.668
2.5980000000000003
2.979
2.827
2.889
2.829
2.821
2.617
2.658
2.806
2.632
2.924
3.442
2.712
2.732
2.801
2.151
2.752
2.923
2.753
2.9410000000000003
2.7510000000000003
3.0010000000000003
2.844
2.495
2.787
2.832
2.74
2.722
2.909
2.948
2.722
2.968
2.859
2.792
3.071
2.7310000000000003
2.7310000000000003
2.699
2.758
2.688
2.7310000000000003
3.036
2.83
2.861
2.682
2.805
2.7030000000000003
2.794
2.673
2.985
2.9360000000000004
2.915
2.867
2.926
2.833
2.173
3.1010000000000004
2.975
2.821
2.985
2.829
2.937
2.737
2.959
2.83
2.737
2.819
2.878
2.9560000000000004
2.908
2.757
2.891
2.8480000000000003
2.977
2.839
2.764
2.9730000000000003
3.117
3.074
2.714
2.6660000000000004
2.66
2.8160000000000003
2.647
2.901
2.7960000000000003
2.929
2.744
2.959
2.963
3.093
2.782
2.9530000000000003
2.7260000000000004
2.4730000000000003
3.01
2.919
2.047
2.882
3.173
2.8480000000000003
2.969
2.64
3.0210000000000004
2.555
2.832
2.5580000000000003
2.659
2.759
2.847
2.815
2.965
2.718
2.59
3.014
2.799
2.918
2.934
2.888
2.608
2.647
2.858
2.672
2.754
2.509
2.9730000000000003
2.708
2.853
2.947
2.696
2.769
2.8160000000000003
2.969
2.734
3.015
2.86
2.909
3.005
2.6910000000000003
2.82
3.002
2.6910000000000003
2.88
2.9130000000000003
2.955
2.85
2.625
3.057
2.923
2.8
2.575
2.79
2.855
2.708
2.945
2.768
2.766
2.782
2.633
2.7460000000000004
3.039
3.355
2.733
2.849
2.872
2.769
2.733
2.844
3.042
2.708
2.8080000000000003
2.892
2.799
2.86
2.929
2.998
2.928
2.988
2.807
3.027
2.572
3.003
2.845
2.709
3.104
2.954
2.639
2.759
2.667
2.999
2.75
2.594
2.733
2.84
2.786
2.866
2.842
2.662
3.0460000000000003
2.617
2.81
2.99
2.943
2.945
2.899
2.715
2.705
2.801
2.577
2.901
3.026
2.724
2.861
2.717
2.6660000000000004
3.01
2.759
2.94
2.918
3.055
3.283
2.5
3.047
2.863
2.658
2.652
2.452
2.895
2.923
2.7310000000000003
2.986
2.821
2.724
2.958
3.429
2.94
2.807
2.8960000000000004
2.736
2.834
2.655
2.975
2.971
3.149
2.732
2.922
2.786
2.869
3.073
2.754
2.649
2.803
2.784
2.6660000000000004
2.842
2.773
2.681
