2.57162
2.58344
2.58438
2.50608
2.55378
2.38944
2.66233
2.58492
2.68026
2.55484
2.57935
2.5699
2.53839
2.63851
2.6101400000000003
2.44544
2.58949
2.49094
2.67036
2.5933200000000003
2.63966
2.63108
2.61064
2.49917
2.55126
2.5899
2.69565
2.59876
2.63078
2.40572
2.79894
2.72792
2.66112
2.51155
2.64746
2.65975
2.67947
2.52567
2.42964
2.50583
2.64781
2.69417
2.43113
2.71077
2.56644
2.49266
2.70126
2.49436
2.46437
2.33104
2.37989
2.51646
2.69287
2.57821
2.55894
2.84991
2.73789
2.61248
2.73162
2.6191
2.54893
2.73338
2.59808
2.6079
2.6138
2.42663
2.53383
2.52666
2.5806400000000003
2.68728
2.4270400000000003
2.60569
2.56308
2.67764
2.61844
2.58426
2.5556
2.48007
2.66403
2.63832
2.56407
2.54224
2.64588
2.55134
2.64994
2.51548
2.55488
2.47035
2.55238
2.65632
2.49303
2.29787
2.66503
2.67708
2.58344
2.64399
2.7232
2.6296
2.58973
2.47729
2.60916
2.5586
2.60819
2.53032
2.43835
2.5664
2.44024
2.67011
2.59876
2.76877
2.60822
2.6722200000000003
2.73162
2.59456
2.62197
2.51976
2.65856
2.52667
2.85481
2.62317
2.59286
2.62821
2.72601
2.54061
2.56921
2.67251
2.57416
2.61621
2.5931
2.76613
2.47857
2.6720900000000003
2.47269
2.55025
2.48159
2.56978
2.68681
2.73539
2.54236
2.56907
2.40753
2.5186900000000003
2.37532
2.56138
2.60875
2.64357
2.74121
2.68154
2.36605
2.7046900000000003
2.60198
2.30994
2.6993
2.64736
2.54934
2.46437
2.68533
2.6440200000000003
2.61012
2.5798
2.60212
2.52389
2.7666
2.57594
2.66869
2.7119
2.55977
2.72427
2.59048
2.632
2.25979
2.70753
2.6843
2.65199
2.68858
2.57796
2.61448
2.56403
2.55043
2.5836
2.66374
2.46158
2.71311
2.71036
2.63108
2.65715
2.59871
2.512
2.60906
2.69203
2.70797
2.5906700000000003
2.64693
2.64073
2.51785
2.64433
2.6077
2.63201
2.7551
2.73097
2.87622
2.46641
2.65951
2.61412
2.54435
2.55862
2.57218
2.40732
2.53238
2.42606
2.54128
2.67473
2.6795400000000003
2.5184
2.60138
2.4975
2.5755
2.56387
2.57807
2.59603
2.52606
2.61618
2.61693
2.69549
2.51722
2.77449
2.4354400000000003
2.62487
2.55347
2.7543
2.63438
2.67906
2.43313
2.59459
2.55598
2.67987
2.63757
2.49691
2.58586
2.61976
2.62474
2.71878
2.82271
2.5925
2.63901
2.76352
2.76828
2.71687
2.7586
2.54933
2.80229
2.42739
2.69368
2.58524
2.46711
2.61382
2.70175
2.6291
2.66103
2.58346
2.56127
2.22444
2.51025
2.57551
2.52264
2.63547
2.71342
2.45776
2.53447
2.71537
2.5821400000000003
2.6152
2.52523
2.55307
2.52935
2.52963
2.7382
2.48959
2.30969
2.61666
2.57199
2.69321
2.7641
2.72838
2.461
2.52993
2.68195
2.58154
2.62566
2.69842
2.5855200000000003
2.81554
2.53637
2.61272
2.63371
2.58562
2.56546
2.5845
2.66671
2.70192
2.69955
2.51935
2.81213
2.5293400000000004
2.57281
2.48329
2.67179
2.53077
2.62245
2.52521
2.62655
2.5162400000000003
2.6124
2.67523
2.59117
2.59511
2.73763
2.41558
2.66423
2.5878
2.67196
2.50623
2.56981
2.41801
2.5375400000000004
2.53498
2.73917
2.62497
2.3222
2.65599
2.66841
2.70559
2.62004
2.44567
2.46613
2.44
2.47488
2.39292
2.62571
2.7378
2.44339
2.58211
2.6579200000000003
2.57892
2.66088
2.35283
2.60661
2.58509
2.5544
2.61432
2.8992
2.60492
2.68281
2.83766
2.55295
2.71336
2.3546400000000003
2.63367
2.67965
2.47465
2.61385
2.49481
2.50172
2.60021
2.71585
2.57817
2.71194
2.6452
2.59443
2.7521
2.42505
2.55249
2.54005
2.50085
2.6181
2.69998
2.38402
2.56046
2.62517
2.6663900000000003
2.61248
2.58143
2.50024
2.60554
2.66375
2.51681
2.3567400000000003
2.4743
2.6021
2.44665
2.72916
2.72653
2.49216
2.50379
2.60795
2.56794
2.54379
2.69983
2.48056
2.70643
2.59316
2.4024
2.71335
2.53062
2.55933
2.6304
2.59905
2.84104
2.56739
2.62266
2.65506
2.62061
2.3567400000000003
2.56161
2.7347900000000003
2.40968
2.43859
2.59301
2.78728
2.66568
2.6652
2.58298
2.67676
2.59304
2.6901900000000003
2.50186
2.6548700000000003
2.51062
2.68125
2.62607
2.55476
2.51543
2.61885
2.71559
2.57307
2.54213
2.35067
2.4313700000000003
2.6519
2.6152
2.64527
2.56873
2.56238
2.63512
2.60328
2.67168
2.47955
2.49127
2.61144
2.62103
2.53674
2.56481
2.8281
2.61311
2.84859
2.5009
2.53797
2.72961
2.48359
2.71002
2.58148
2.72935
2.48902
2.63095
2.66299
2.6181
2.56419
2.47378
2.45853
2.59391
2.62916
2.5579
2.54471
2.69475
2.66395
2.59577
2.68721
2.66229
2.66248
2.56281
2.66892
2.6482
2.43047
2.60657
2.60795
2.48878
2.64476
2.66052
2.52353
2.69441
2.6039
2.66414
2.4097
2.36288
2.58625
2.67645
2.56453
2.61068
2.63565
2.5599
2.5640400000000003
2.55435
2.73273
2.64635
2.61987
2.57808
2.66021
2.49487
2.63299
2.84742
2.62569
2.65294
2.53668
2.54394
2.49282
2.57465
2.36997
2.78091
2.75213
2.64162
2.4737
2.42837
2.52674
2.6098
2.8992
2.57194
2.6042
2.60652
2.38069
2.54691
2.6468700000000003
2.51174
2.57535
2.7144
2.64835
2.64628
2.61913
2.47752
2.6186700000000003
2.73928
2.64321
2.3885
2.65899
2.63345
2.57879
2.35009
2.61472
2.89327
2.3002
2.57633
2.53159
2.65041
2.7179900000000004
2.65563
2.66918
2.55297
2.52652
2.73048
2.53953
2.47215
2.53057
2.70487
2.72293
2.54162
2.70392
2.64531
2.55112
2.76971
2.80428
2.74643
2.59017
2.6663900000000003
2.72261
2.68285
2.75413
2.76402
2.58265
2.64087
2.59023
2.70254
2.5787400000000003
2.52908
2.65175
2.7251
2.69786
2.29447
2.40052
2.71276
2.75403
2.36311
2.6227
2.65753
2.54766
2.66534
2.8595900000000003
2.53603
2.69184
2.6563
2.51612
2.57767
2.64278
2.5897900000000003
2.55915
2.62174
2.7218400000000003
2.5405900000000003
2.64405
2.34281
2.77279
2.4607
2.59395
2.52314
2.59123
2.67945
2.88782
2.517
2.66803
2.4623
2.5099400000000003
2.78421
2.74256
2.70561
2.69613
2.54685
2.64859
2.59692
2.55661
2.4923
2.6863
2.68343
2.54332
2.60178
2.51935
2.47859
2.59471
2.68526
2.4908
2.49825
2.6152
2.5686400000000003
2.63679
2.5596400000000004
2.5349
2.37587
2.56858
2.66468
2.57004
2.70488
2.63175
2.46811
2.6983900000000003
2.64005
2.66182
2.76918
2.74496
2.66263
2.46981
2.57674
2.46266
2.65796
2.44747
2.59419
2.76283
2.6718900000000003
2.53317
2.62569
2.72786
2.74128
2.59004
2.63286
2.69552
2.64156
2.59499
2.59899
2.80282
2.4635700000000003
2.41819
2.60602
2.39433
2.65163
2.64356
2.67919
2.45236
2.64993
2.56696
2.56007
2.63829
2.60711
2.63531
2.53071
2.5979400000000004
2.6518200000000003
2.53649
2.67867
2.5621
2.59672
2.84411
2.6709400000000003
2.57709
2.53166
2.668
2.7559400000000003
2.62814
2.5922400000000003
2.54402
2.67953
2.52102
2.62258
2.36018
2.52751
2.61685
2.29406
2.6864
2.3787
2.59544
2.61881
2.61464
2.40998
2.67007
2.53525
2.27068
2.65911
2.71101
2.54257
1.7256
2.60954
2.48267
2.74348
2.47101
2.66116
2.60763
2.70357
2.68149
2.88312
2.43617
2.6356
2.54271
2.66387
2.53288
2.3769
2.59742
2.53227
2.5147
2.57997
2.60562
2.61003
2.5832900000000003
2.41566
2.49642
2.50816
2.73719
2.6750700000000003
2.39676
2.5496
2.7122
2.4068
2.56391
2.65212
2.76687
2.60788
2.44193
2.57983
2.59631
2.50893
2.61463
2.74502
2.60133
2.50675
2.45141
2.6548700000000003
2.67262
2.50056
2.50329
2.32385
2.59928
2.5338
2.59304
2.68018
2.52827
2.63531
2.80378
2.6505400000000003
2.7068
2.6972
2.28749
2.54642
2.75045
2.664
2.5177
2.6821200000000003
2.5478
2.6497
2.74142
2.70716
2.58781
2.32315
2.59105
2.68954
2.48012
2.64432
2.62733
2.50821
2.58448
2.64873
2.4068
2.84901
2.75553
2.72083
2.8496200000000003
2.52231
2.67322
2.69907
2.53152
2.66804
2.33836
2.80856
2.70499
2.61515
2.71623
2.61497
2.50675
2.65844
2.66571
2.60907
2.67038
2.698
2.55096
2.4537400000000003
2.65945
2.48981
2.60901
2.64277
2.53779
2.29911
2.6335
2.6882900000000003
2.47712
2.70475
2.38579
2.52158
2.4389
2.65349
2.72554
2.36997
2.38252
2.45369
2.57661
2.51256
2.40897
2.3972
2.72834
2.67582
2.32831
2.70212
2.52961
2.62151
2.72295
2.80711
2.59605
2.3769
2.62672
2.5105
2.4531400000000003
2.70497
2.65457
2.68663
2.5673
2.6277
2.61861
2.56903
2.52125
2.66847
2.64551
2.47454
2.6214
2.5367900000000003
2.60296
2.49863
2.77196
2.4666
2.53517
2.5352
2.47235
2.73766
2.55751
2.47628
2.6930400000000003
2.63525
2.5505400000000003
2.57131
2.6078900000000003
2.59462
2.64361
2.48556
2.68496
2.58124
2.7800700000000003
2.65556
2.60128
2.6493900000000004
2.75354
2.6877
2.69164
2.7214
2.58255
2.45268
2.74951
2.63536
2.73671
2.69906
2.43713
2.4451400000000003
2.63915
2.77449
2.61415
2.47951
2.6774
2.48575
2.50054
2.6044
2.44136
2.68061
2.42468
2.63523
2.63713
2.76288
2.3508400000000003
2.61712
2.63974
2.5087900000000003
2.80941
2.61131
2.50718
2.61835
2.57444
2.74377
2.57616
2.57618
2.58835
2.53914
2.6171
2.65161
2.81351
2.60739
2.78548
2.71213
2.56955
2.5895900000000003
2.52184
2.5301400000000003
2.42893
2.67733
2.7705900000000003
2.65782
2.623
2.65207
2.42606
2.39275
2.68418
2.42405
2.52184
2.45304
2.50078
2.62703
2.7247
2.56229
2.5589
2.58648
2.73621
1.63455
2.55353
2.60828
2.69795
2.47432
2.52173
2.77935
2.79615
2.76559
2.6737
2.6125
2.62587
2.61918
2.62092
2.66296
2.64434
2.3458900000000003
2.72948
2.57761
2.66523
2.5475
2.5924400000000003
2.62672
2.52734
2.6587
2.72004
2.6192
2.57562
2.65849
2.53957
2.47872
2.50674
2.57803
2.5754900000000003
2.62564
2.4477900000000004
2.9164
2.7193400000000003
2.54629
2.65443
2.68652
2.49563
2.55061
2.66201
2.50096
2.40302
2.63671
2.6073
2.47224
2.46121
2.55625
2.4681
2.54089
2.5706900000000004
2.61355
2.5973
2.59906
2.72555
2.57747
2.41324
2.72899
2.43552
2.80867
2.5096
2.43735
2.6457200000000003
2.53821
2.38462
2.43966
2.71007
2.5529
2.50932
2.71447
2.50687
2.29378
2.70938
2.52583
2.43349
2.59611
2.41187
2.68343
2.45919
2.5417400000000003
2.77484
2.54871
2.6663
2.5758
2.73823
2.59576
2.59329
2.49432
2.45021
2.58226
2.72083
2.55433
2.73587
2.52936
2.67853
2.52285
2.64303
2.6634
2.59662
2.64968
2.54468
2.64532
2.41352
2.66073
2.48188
2.69904
2.8051
2.50857
2.68349
2.75918
2.52998
2.58233
2.58106
2.67311
2.49271
2.67485
2.50914
2.76202
2.54368
2.62811
2.41854
2.83238
2.60107
2.42219
2.34285
2.56862
2.63693
2.61301
2.59216
2.64624
2.48165
2.57452
2.6625
2.37298
2.58853
3.03065
2.47559
2.40643
2.6360200000000003
1.92471
2.58773
2.73597
2.62165
2.69265
2.65367
2.74016
2.63278
2.47461
2.52907
2.60459
2.58112
2.51061
2.57338
2.6931
2.58715
2.7471
2.5295400000000003
2.62231
2.73001
2.55148
2.4952400000000003
2.52193
2.53436
2.55749
2.60239
2.59322
2.69775
2.6326
2.30969
2.46246
2.51846
2.49302
2.42606
2.67883
2.62428
2.6291900000000004
2.53525
2.58598
2.55078
1.9648
2.64449
2.77251
2.51989
2.69767
2.53706
2.61591
2.41558
2.73623
2.602
2.52308
2.58501
2.62178
2.59698
2.7002900000000003
2.51718
2.63942
2.55324
2.78141
2.64672
2.48075
2.62957
2.95474
2.68183
2.54199
2.43446
2.50916
2.57388
2.52053
2.5701400000000003
2.52144
2.60985
2.43569
2.72813
2.69777
2.66457
2.60782
2.61609
2.51828
2.40991
2.8113
2.68998
1.81606
2.63688
2.79796
2.62781
2.59741
2.5099400000000003
2.6835400000000003
2.4528
2.64246
2.52661
2.56828
2.62213
2.6152
2.54906
2.74978
2.46047
2.44952
2.70722
2.53654
2.62337
2.50576
2.61441
2.41842
2.4403200000000003
2.64149
2.4527
2.49139
2.08644
2.70808
2.5294
2.7019
2.69548
2.43647
2.76809
2.65254
2.5512900000000003
2.56368
2.6641
2.63023
2.73161
2.6741900000000003
2.44245
2.59915
2.56198
2.55155
2.47678
2.67404
2.59883
2.65469
2.57781
2.66318
2.6481
2.51402
2.47182
2.61148
2.62046
2.46952
2.61849
2.54736
2.51015
2.38426
2.54195
2.492
2.65449
2.88823
2.44172
2.50521
2.59461
2.57363
2.56049
2.53413
2.7194700000000003
2.5678400000000003
2.54871
2.66078
2.61936
2.61751
2.5806
2.70526
2.72848
2.59603
2.56324
2.63329
2.44544
2.7138
2.59988
2.5449
2.61217
2.75006
2.40428
2.6242400000000004
2.46002
2.63637
2.59668
2.4438
2.58667
2.68349
2.56193
2.63013
2.69155
2.53663
2.83025
2.53806
2.5470900000000003
2.52524
2.69227
2.6745400000000004
2.6587
2.52956
2.55198
2.61276
2.44782
2.65473
2.72757
2.542
2.60286
2.48352
2.52295
2.68323
2.60806
2.67561
2.65093
2.66298
2.82968
2.41671
2.76694
2.68192
2.5317
2.47012
2.39889
2.67923
2.77645
2.47866
2.67179
2.55493
2.55347
2.74713
2.85914
2.75654
2.63333
2.68116
2.58086
2.5121
2.45995
2.71239
2.5923
2.79446
2.61272
2.63282
2.5353
2.63968
2.75687
2.53897
2.45707
2.50281
2.60698
2.51847
2.61639
2.6377
2.56971
