2.55511
2.80767
2.65142
2.51762
2.78693
2.5053400000000003
2.63466
2.58715
2.57801
2.53004
2.5577400000000003
2.55114
2.60398
2.5821400000000003
2.44952
2.68147
2.53635
2.61247
2.5562400000000003
2.67115
2.63007
2.59135
2.67865
2.39834
2.64262
2.68715
2.64476
2.7615
2.36722
2.54755
2.45923
2.47994
2.3458900000000003
2.42973
2.55236
2.61805
2.63283
2.55808
2.59469
2.45481
2.76103
2.59179
2.52014
2.66731
2.38979
2.59018
2.46101
2.63534
2.51229
2.86235
2.4554400000000003
2.67869
2.36713
2.5367
2.48282
2.55784
2.67808
2.59291
2.70431
2.52181
2.5674900000000003
2.44325
2.69033
2.59316
2.5034400000000003
2.46644
2.58615
2.67861
2.67624
2.70373
2.48285
2.47407
2.66651
2.43313
2.4313700000000003
2.38631
2.73745
2.57144
2.52673
2.57465
2.51809
2.55397
2.57687
2.76921
2.66541
2.22444
2.56623
2.6048
2.7352
2.44624
2.6287700000000003
2.38532
2.52828
2.62759
2.65157
1.959
2.5398400000000003
2.6932400000000003
2.74578
2.60967
2.61927
2.67964
2.52694
2.81001
2.45604
2.77863
2.72934
2.55715
2.81456
2.46298
2.41986
2.52414
2.58512
2.52371
1.75128
2.57559
2.75462
2.72646
2.60352
2.49594
2.40964
2.65634
2.64
2.61233
2.54755
2.63576
2.66041
2.5754200000000003
2.4657
2.5801
2.55864
2.49993
2.49515
2.47976
2.66774
2.55383
2.67277
2.58997
2.59479
2.60942
2.63174
2.5733
2.65413
2.45143
2.64596
2.51417
2.53
2.66998
2.64989
2.4565200000000003
2.63539
2.67205
2.55335
2.46702
2.6318
2.57007
2.66882
2.38918
2.50507
2.61523
2.59649
2.80953
2.67682
2.5702
2.9053400000000003
2.80514
2.70076
2.42425
2.34651
2.5541
2.64993
2.75288
2.87177
2.59321
2.73443
2.58326
2.56811
2.47145
2.45123
2.59967
2.41355
2.55563
2.65662
2.58924
2.64489
2.6608
2.66453
2.39028
2.6415
2.70653
2.34118
2.50748
2.47664
2.6572400000000003
2.60406
2.67248
2.47666
2.57388
2.58589
2.4270400000000003
2.55969
2.58925
2.63276
2.6057
2.6059400000000004
2.76963
2.41529
2.59878
2.5394
2.40269
2.51438
2.55208
2.6612
2.66279
2.53527
2.64098
2.6928400000000003
2.67117
2.55804
2.66914
2.81072
2.60623
2.54155
2.59991
2.71283
2.4270400000000003
2.72892
2.57265
2.61445
2.62502
2.60015
2.54918
2.62911
2.70109
2.51988
2.55297
2.60936
2.54608
2.7295700000000003
2.60207
2.59082
2.63204
2.61733
2.66303
2.67212
2.67504
2.61121
2.53419
2.53649
2.53991
2.4888
2.68017
2.55568
2.6186
2.5442400000000003
2.41754
2.55133
2.59557
2.51586
2.60207
2.63716
2.61771
2.66661
2.73353
2.67194
2.6297200000000003
2.6160400000000004
2.54566
2.62524
2.6297
2.77375
2.64106
2.67751
2.60358
2.35285
2.73898
2.64908
2.2775
2.61899
2.54755
2.64456
2.48585
2.51442
2.58205
2.72
2.64232
2.67703
2.64036
2.67471
2.7019900000000003
2.5747
2.6136
2.6278200000000003
2.45462
2.52927
2.70187
2.45988
2.51073
2.6005700000000003
2.77038
2.58393
2.50198
2.65489
2.4241200000000003
2.6623
2.68032
2.61064
2.65045
2.54291
2.72554
2.65473
2.59501
2.5550200000000003
2.55639
2.72378
2.74328
2.66717
2.49939
1.5209700000000002
2.77349
2.39433
2.59187
2.63078
2.60372
2.52327
2.72773
2.56315
2.38327
2.47461
2.56683
2.52747
2.65248
2.7307200000000003
2.67025
2.426
2.62336
2.6292
2.66655
2.44321
